1000 69 100
729
701
769
195
442
285
573
445
868
122
714
243
586
73
315
96
196
986
800
532
417
186
464
671
359
672
738
775
486
293
479
89
980
925
234
774
459
927
736
315
234
840
171
828
661
800
955
781
669
391
192
475
140
100
513
594
352
44
983
125
453
403
777
314
121
584
68
444
452
108
317
277
68
647
448
466
196
134
610
211
935
105
130
743
325
786
290
420
834
267
439
113
332
12
166
531
691
119
508
62
212
660
33
475
270
735
902
837
849
630
293
204
877
606
401
450
647
654
131
615
267
209
415
725
149
9
526
761
639
661
132
19
152
975
550
586
63
81
266
603
894
267
928
206
95
516
392
963
840
443
469
135
835
245
926
949
56
766
99
784
329
233
971
10
782
651
416
241
52
532
372
685
343
844
9
3
228
58
803
196
458
211
418
370
594
366
369
181
124
390
990
649
827
876
753
605
528
59
823
914
91
589
810
388
967
242
525
964
793
133
798
205
545
627
891
344
439
182
518
885
798
379
476
906
967
352
533
788
728
427
724
838
994
302
358
197
96
888
28
330
148
930
174
1
186
133
502
807
297
608
467
88
249
879
486
660
186
208
565
261
864
563
623
759
747
271
687
919
513
862
187
670
141
954
92
900
941
75
940
23
605
190
9
986
456
16
173
761
429
118
2
900
880
92
751
251
170
564
301
979
473
937
969
608
209
828
141
412
615
912
238
14
15
410
879
538
713
539
372
430
927
465
81
383
353
738
761
710
150
592
567
149
189
419
338
630
827
381
819
170
656
854
723
268
971
900
41
484
43
88
74
598
254
98
412
886
56
756
928
37
811
761
658
607
81
329
427
277
402
725
142
681
400
337
563
69
423
610
333
651
408
806
303
644
722
891
989
157
851
625
677
744
993
673
142
865
952
217
20
645
410
444
412
810
675
97
776
1
544
2
171
291
651
141
663
260
359
969
201
501
981
696
229
582
646
2
153
537
213
53
229
78
947
881
686
644
518
804
449
584
977
597
382
368
974
601
10
681
611
276
666
237
599
801
586
214
255
523
970
462
957
781
889
196
384
798
183
917
661
679
45
926
153
607
812
300
167
457
22
518
460
363
146
913
238
735
63
964
801
993
684
540
737
788
805
425
103
479
702
531
686
44
273
400
254
647
145
786
990
833
826
6
112
919
420
80
929
777
573
970
160
597
692
298
178
734
846
37
241
415
374
820
323
71
222
437
191
513
302
337
10
580
766
250
219
74
856
94
547
773
98
850
692
674
879
969
981
848
886
444
214
489
647
121
13
166
237
846
296
886
290
532
768
442
179
631
887
452
284
327
374
924
775
614
84
617
496
190
342
673
365
686
476
253
9
792
155
210
559
396
479
604
223
371
214
741
347
87
111
454
245
228
492
540
252
768
82
620
568
418
624
247
695
265
160
603
972
1
728
858
521
554
392
916
529
292
446
1
958
192
430
990
374
879
13
459
131
81
253
919
381
654
529
946
861
6
53
816
776
702
952
405
137
469
291
34
208
385
868
455
353
727
566
769
181
855
509
460
631
143
114
239
225
98
782
671
960
603
20
430
397
303
805
482
160
255
512
960
559
998
562
131
806
690
646
90
130
412
805
324
533
196
118
592
151
869
946
66
930
472
938
186
752
289
898
548
651
68
87
3
932
201
794
646
234
323
109
473
906
823
105
192
100
144
269
733
61
645
980
272
29
808
339
420
137
367
282
186
328
709
718
150
622
876
949
725
445
457
147
21
197
573
870
741
327
490
653
707
34
810
687
174
110
529
320
138
257
815
305
251
615
504
162
704
342
327
846
8
28
544
108
466
983
979
473
498
918
899
547
188
807
642
627
578
764
109
938
524
321
429
67
786
550
385
963
579
513
386
27
303
115
256
809
380
851
416
44
417
69
735
233
835
819
562
11
642
906
660
50
972
576
199
481
493
714
970
970
453
337
120
50
442
98
445
639
826
889
169
264
674
137
718
483
495
275
6
937
329
69
653
733
360
948
753
958
62
156
745
378
620
132
726
885
54
824
684
250
432
358
655
798
443
864
566
157
141
634
702
853
214
970
565
660
319
827
568
358
332
425
624
89
668
294
35
238
470
185
761
506
696
997
221
966
203
588
592
851
798
675
301
801
789
529
276
20
69
403
862
27
995
137
799
422
346
887
880
401
333
230
770
872
583
617
200
694
381
290
467
389
470
711
824
99
466
837
369
220
630
238
156
980
596
399
649
291
251
560
265
1
64
400
375
499
938
666
170
41
177
775
247
