5000 100 1000
781
2014
547
4662
1412
2226
4097
1264
2638
3240
3700
79
981
3139
378
113
4396
2075
4724
3234
1182
4805
2317
3256
3972
1005
2797
1587
4549
3899
3217
3576
2216
543
397
2846
4807
3646
907
3134
4882
4907
1987
4859
1047
773
948
3187
620
4440
4310
4828
3687
289
2485
2295
4420
942
4547
1340
3791
106
2423
1089
4386
3753
4777
180
3728
2606
475
1468
3969
3574
2066
1037
4471
1740
3275
2637
935
4754
2537
1968
2892
249
4977
922
584
2455
3497
626
1161
1532
1084
1286
6
1868
4195
4498
1789
915
3655
3048
1397
4547
1291
3810
694
84
3371
3153
4228
4226
2670
2618
2326
1092
3704
938
1217
25
2035
2025
4203
4838
4505
601
775
531
957
2391
1930
807
1806
1443
882
734
4725
4842
1626
10
1779
4645
3782
2361
2405
506
3410
2317
258
4824
3108
2421
1250
4708
1069
1559
4076
2767
2931
4409
3121
3943
4437
4958
3315
3654
2948
1038
4708
1313
1213
3693
1690
1402
4481
1392
2489
3261
307
2632
762
732
3021
480
2570
2549
465
119
239
708
4343
3326
630
3522
4109
4922
3103
1893
1850
4199
3846
3966
3131
1622
4657
4314
4953
795
1255
4738
1203
732
3475
3018
3021
968
3609
3098
2243
3417
2497
19
229
4524
3183
257
2702
934
4217
683
1627
1123
3459
4120
892
2694
504
4655
4843
2104
176
2384
1287
4784
3930
134
487
1024
693
3113
4641
122
3685
2493
83
4783
1623
2615
4313
480
3096
1081
2650
2926
309
3965
585
607
2455
2264
1250
4486
1474
2794
860
2678
2246
2172
1368
3834
3610
4030
891
791
3421
724
561
1408
1357
2474
3163
548
1514
4885
1458
1567
1565
4991
3826
212
2122
1334
2070
1272
1721
1294
3776
2218
949
2961
538
3529
3845
981
4334
1623
995
3751
344
1551
1440
4048
2805
890
988
4112
272
2284
421
3525
3204
1484
4616
844
1492
3751
4532
3327
832
3784
3573
1316
722
2830
583
4095
4585
4525
3275
2652
2046
4034
997
1557
2991
1436
4130
1491
2368
1791
2702
2773
333
282
3921
837
4052
3210
2941
4053
2642
2173
3899
636
2938
4677
929
4448
4562
3793
179
4223
4790
4387
539
4213
879
2300
125
1651
1474
4542
3214
2443
3948
986
320
3872
676
4789
1264
729
2678
2393
3981
3031
230
596
2754
3355
1657
123
4456
3491
479
590
2598
3670
4142
3946
4131
3453
1402
2535
88
490
4842
997
1242
4142
4710
4616
383
1676
1112
4360
2396
1250
3910
2529
4429
1872
2393
715
1128
2006
518
3153
2741
3357
284
869
761
3027
330
1446
3759
335
3691
891
2022
3563
706
645
4652
1126
648
2270
2267
1556
2080
795
2845
3788
101
896
3305
3116
3966
4176
1229
4102
401
171
1471
2525
2124
3740
1542
1621
3299
4180
3663
2887
4628
4218
1109
24
4880
1105
2790
2370
1548
4885
2842
346
3061
2250
3660
1565
4342
1264
2027
1373
1757
688
870
1255
2445
2041
4065
978
431
4068
4722
1162
1166
4676
1845
3211
567
1170
4389
2403
734
79
1970
2690
2725
3475
67
2593
2589
979
4647
331
4697
1727
3968
1659
474
2666
1026
277
1126
4196
1529
3290
4445
735
2482
1180
184
1651
508
116
3301
4032
1973
324
4969
2696
115
3399
666
2306
974
459
2859
520
2273
1215
1638
1884
602
1455
2662
1869
4528
262
2536
2825
2993
4386
114
2550
3471
220
3253
1259
3634
380
3339
4644
1035
2229
41
2163
2114
4250
4312
345
1909
945
977
1573
1559
3767
1898
4362
644
624
2222
3631
1876
527
4429
726
470
1977
3713
3479
3574
640
2137
3816
2408
4725
3450
3942
2907
954
949
698
1045
2447
3818
4700
4610
3091
1784
1344
439
26
170
2029
3534
4423
3938
3346
1264
158
2663
1189
2626
858
2211
4881
3057
339
4645
3908
4899
3152
3367
832
386
122
4387
897
502
3702
3579
315
1405
3871
1378
2643
3829
143
2303
3842
383
1018
1816
3372
3148
4596
2450
2028
4013
2783
2232
2720
197
1728
4432
1923
197
167
822
3601
1757
2547
677
2053
2070
3640
4679
107
2545
4962
1296
2890
2468
256
2922
2863
4460
1529
42
3231
46
593
1816
3809
4544
2967
3291
2571
2098
1160
176
227
2026
2230
4984
42
2775
4272
1420
2227
2504
2254
4670
660
1128
1868
4775
582
1642
4623
2677
4088
4257
2633
4525
3187
1369
4275
1137
4295
1822
1024
4430
2950
1652
1344
1103
4990
167
906
2648
3112
2650
4886
3992
4078
497
3890
2597
412
3833
1202
4771
4569
781
4698
2185
2676
2821
2439
476
1041
3415
3107
3654
4058
1246
495
2167
2705
237
2969
2835
958
1795
1018
4055
2607
1336
3281
3485
2880
4809
2149
2346
3298
4689
532
276
1759
552
3540
2243
1369
4548
2198
1719
3935
720
1557
1087
4310
4973
4283
216
220
3168
953
2104
3478
3024
2196
804
3090
971
1791
685
1051
2175
4597
1411
3649
4897
1024
2037
2420
811
3117
1013
417
2234
4734
2421
1479
4729
3292
486
751
707
2716
718
2794
1156
3289
4809
4314
2100
892
1359
3058
3481
308
4155
411
3150
3321
1355
2771
3626
2809
201
4124
1150
4859
630
2028
4252
3539
46
521
2415
2367
4445
4131
2699
4056
2907
3355
820
726
2342
377
1033
2888
2225
3426
958
675
3122
4933
3578
4231
4132
3171
3498
841
1605
3850
702
1370
1203
4047
611
792
4127
3942
4053
2640
1133
3027
3191
3729
4716
2672
4187
232
4292
346
953
881
4757
608
4526
3095
1214
1847
634
2278
4448
3925
4899
210
566
2565
2404
4816
1913
830
2638
4353
2582
3814
752
3370
2002
1868
1363
3171
148
1517
2934
1977
4330
2216
4389
1796
2026
1668
1462
4336
3824
1271
1937
1165
1572
4943
1896
1779
4116
4415
2686
2503
1508
2098
2589
1779
4909
4899
1517
3001
1359
3841
73
1049
3865
514
4608
4484
1025
2250
630
3362
3610
4113
3993
4815
4838
1475
3284
1048
2347
694
4309
1848
2978
2749
2917
4281
3044
4788
2211
221
4817
1804
2844
1993
3079
642
3944
3605
3362
986
4519
241
877
2284
493
2275
2413
2541
1416
518
334
1388
3561
4498
1623
4617
237
889
1971
4951
3097
4969
3344
1031
1255
249
4974
100
4238
775
467
2948
2555
2068
3583
735
1268
2977
529
4321
4395
3657
4218
2977
1798
4216
3859
755
1736
597
1749
2030
3786
3250
2651
2213
773
307
3642
1924
2496
1292
3963
4418
2048
3850
4191
3437
2187
4199
3272
414
4686
3064
4135
3308
1893
1174
556
1863
3676
1680
4554
3686
511
169
280
2540
459
2347
3190
1702
440
2801
160
152
4857
3873
1814
1519
108
2735
4296
3830
3259
2070
1502
414
290
299
1198
327
2412
3711
4482
1207
3828
3961
372
926
745
3964
1523
3134
4079
4423
3598
4699
2164
2467
4230
1978
3066
1546
3770
1658
2872
2252
2377
4835
3809
3855
2899
2589
4321
2019
1673
2307
2077
3530
3721
1980
4182
542
4238
393
1433
1597
4757
1786
3399
2680
2831
1403
2662
1576
1930
2668
213
174
1084
2662
1491
996
3678
2850
615
882
817
898
1116
941
661
1557
2516
239
4058
440
657
1336
3178
3159
3002
1960
4498
1153
3074
1238
20
4814
2902
1475
1274
3331
3840
4688
2147
1254
3985
71
1385
1329
3928
1798
2092
2787
2143
3699
3640
966
1211
4550
1538
3878
4150
1688
3461
958
418
1132
26
3118
3381
1523
2085
1587
948
97
3936
4986
284
2358
3615
513
4249
2460
661
1954
2639
1462
462
2656
704
1609
2399
3352
2256
726
1205
3614
3299
1235
121
790
4786
3708
1088
4576
2313
2934
1446
3095
1004
3040
3221
4939
1103
4962
3829
1472
2453
799
2970
2962
1451
140
2255
3397
2968
1328
238
3002
618
1477
965
2961
4824
1168
813
1577
2456
1488
1684
1594
4785
2582
348
443
1378
401
2004
2438
3504
1368
4067
3934
3129
1224
1261
4308
2240
689
2618
3370
3545
1108
327
663
1160
69
145
4276
4182
4362
1930
2236
2233
1305
495
1940
1055
4187
2407
1307
2576
502
4943
1912
3239
1843
1681
664
1795
2669
4921
2250
1339
2429
1151
1379
621
1804
1019
2719
4234
1256
3371
2675
1023
575
363
3073
507
3290
304
99
4160
384
4609
4961
2677
849
4578
324
3186
2746
445
1520
3159
1797
962
1018
1746
4232
4562
4381
2235
1274
458
827
2458
491
2553
2312
1547
1997
2551
3338
2802
1203
1418
392
3481
2130
2432
2560
3266
1611
411
1807
2577
1060
2101
2739
1573
1877
2271
4837
1907
4931
1452
4671
851
1519
593
1461
1178
501
4160
2219
4043
4809
594
613
4815
1236
4466
4410
131
1769
3167
3385
486
2270
1145
61
3855
882
1801
4513
384
1427
2202
3908
1151
3535
1530
2013
2650
1086
1107
1092
4221
837
1425
2277
4102
2757
2261
1891
3480
4373
1535
3864
3711
205
3169
3775
4965
1110
2222
2724
2107
4112
4077
4705
963
589
430
57
653
1758
2238
3199
3013
761
1589
2885
1963
186
2933
3385
359
4096
4626
1503
941
374
3829
700
154
1317
2146
1715
1970
4909
3904
3798
818
4700
3116
2921
738
1839
211
1538
4636
3123
1487
2749
1822
898
4921
1955
2482
1557
3069
4403
631
3941
2906
1866
2235
2442
4592
2900
3528
4573
1519
2634
4184
1575
4744
4139
796
652
3597
1349
635
1844
2902
1381
888
2606
6
3684
3842
3489
1578
3559
54
2004
767
1435
2380
1796
1440
3235
1055
1437
4116
2642
3119
217
3893
236
1587
1739
662
2134
4476
251
1835
4001
636
2172
3539
1050
1096
349
1307
646
2822
1589
4545
904
1226
1096
4808
1339
1666
1614
1337
3320
3052
2867
2409
489
3245
2864
442
4220
2396
4146
1930
4851
197
2553
3792
330
3249
316
3690
408
1180
3316
2939
858
114
3766
2385
4732
248
956
1103
27
569
607
3543
3776
1084
4653
3683
3084
1664
2470
2455
2174
2588
1091
502
4507
2205
3191
2327
1736
2587
2433
1505
4772
3637
3298
495
421
3898
1591
2788
595
1933
739
1952
1802
1165
2257
1070
1156
3643
4499
4088
1615
4219
915
2694
4456
3459
643
1225
1235
4493
3052
2161
2517
2004
4772
1665
433
2652
772
1134
2197
1134
949
2173
4574
428
3224
3923
1331
729
2625
2682
2862
1497
2329
1865
2792
180
436
1553
1096
2198
2179
1926
2109
3630
358
4336
4081
3603
1881
137
2883
485
483
710
1279
1697
2539
674
3950
1320
2169
3517
3737
1767
3105
2471
4915
2625
2149
3237
4375
2841
3618
1087
1974
779
1231
3236
1962
3143
3077
242
710
2006
1240
4499
2068
582
4442
4461
1599
4201
2032
2859
3
3830
3961
343
1797
1902
1682
1555
985
3186
3515
2712
524
587
2876
1703
3199
1077
1710
550
80
35
134
4812
4314
3788
4689
2480
4802
2144
2468
1651
1358
4797
1464
2645
189
4740
3801
4358
396
2255
2280
1365
74
373
4599
4017
3436
712
2280
1238
899
1325
718
3387
2447
3417
1614
2851
1800
3041
1197
581
4492
1325
2774
2574
4210
3384
2691
228
708
2540
812
4860
1860
855
2293
4100
686
77
1728
3953
3136
608
1234
2673
449
3713
844
1313
190
4083
2549
976
1577
2798
2641
3598
2322
1570
4330
3013
4704
3437
4612
3866
1116
1137
3575
1894
4206
2865
3615
2818
1680
3290
2423
519
2570
2931
180
267
208
2683
2509
1487
2290
3491
1798
855
822
1427
873
755
2145
4378
774
1102
1384
1087
4499
4643
2736
2813
262
1640
1823
512
615
588
2962
4899
3138
619
4758
711
1921
2914
4803
370
2700
3200
607
675
1522
570
459
191
4182
225
4616
1190
4870
2092
3313
4464
161
3379
1822
2942
4706
36
2459
1283
469
550
4977
3022
1352
1539
3806
2761
812
1085
3892
283
3134
1662
2358
870
3848
3905
849
2048
1896
3651
4781
4093
2731
2763
993
2589
4087
945
2637
4041
1003
56
1389
2057
2013
4653
4565
3876
484
1934
4709
2939
2787
2542
125
3034
342
1046
294
3091
2062
3580
2751
2387
3244
2599
680
4458
3453
3831
4151
3509
3722
4043
1821
3726
2090
2092
1962
1404
2043
645
2964
4924
826
3837
2092
2608
248
1690
4754
2745
2779
2038
572
4079
1746
3364
828
2567
2784
521
4548
640
764
2085
3131
1795
3218
4800
3262
3539
4998
1866
1550
2589
1746
3013
4339
4590
2820
1947
2286
3987
1668
1171
4326
2501
1238
1592
3520
3152
2490
603
4577
904
22
2803
1824
4068
2602
4119
3956
501
313
2280
2688
4489
4133
1821
4848
1263
751
1071
3037
2652
3527
3672
3558
3131
4088
2527
3651
1370
2807
2093
2304
3331
1102
2707
4985
4520
3418
1003
1787
1728
4499
4525
4051
3127
241
1996
4930
2177
1104
1391
3239
1944
59
2023
1145
2917
208
644
4777
900
34
3590
2809
4133
850
479
4832
1565
3140
4146
828
391
2317
4064
1814
837
3920
2202
3586
1463
2950
3994
1208
3164
4367
3118
3161
1504
1099
4058
198
4787
4921
1211
516
2570
3181
4040
3942
3972
4907
1233
637
1542
1521
1838
3255
691
3232
166
3102
4786
4531
2093
2977
4803
4006
1767
3608
3001
3271
2754
2674
1874
3753
4292
1969
443
517
689
3776
4932
1936
1294
1775
4556
551
2830
3981
3024
1882
4839
4756
784
2723
1302
1001
4799
598
1982
4605
1378
137
556
4246
1483
2271
219
723
3877
936
4837
2915
4459
2032
834
4107
3867
3753
2719
231
3256
2141
984
88
3231
506
2317
3819
1283
1323
2640
1360
78
1791
342
2082
2706
3947
1747
345
2179
1056
1692
2611
3097
3004
3870
1292
4446
4808
3661
4733
1078
1097
2047
1859
4785
3430
1523
812
97
428
4270
2758
3936
86
184
31
5
274
389
2839
3440
2053
3012
1713
267
2696
2773
2766
3080
3139
2120
3017
2320
17
4445
3559
1910
4061
4795
1030
1678
3691
1657
915
4068
1018
2443
1699
2819
3484
539
3204
3107
3678
2225
3376
2011
4915
2986
418
4026
3693
3362
4580
1915
286
1136
88
4103
249
2367
104
4896
3291
4375
3288
1332
545
4832
4068
3020
776
3136
915
3057
1578
12
4082
4249
4774
2023
1096
2321
2710
3651
231
4584
3967
2382
3886
1794
2895
4393
1962
664
2236
1129
393
4726
4906
4513
1660
413
1183
3874
1149
882
4181
3660
406
334
1524
4679
349
2795
360
3371
2676
2224
773
1458
1378
4050
1346
695
942
424
933
697
3830
3391
1049
866
4636
63
3924
1169
4624
3317
921
4272
3023
4116
4810
3433
2113
3128
2
3968
3633
1637
2072
2311
425
601
2203
5000
4650
2511
30
2482
3711
2257
4024
1820
3698
2207
246
693
3167
3699
147
2404
3060
1824
4417
2942
689
467
4675
3559
3925
1722
2527
158
3872
1816
3908
3489
551
4022
2966
1575
3375
3160
4701
3480
3101
3227
4791
4607
4682
2376
4402
4482
3568
4700
3823
579
141
1140
1888
3943
1528
886
1442
4990
1974
4254
1814
206
520
1496
211
4285
3023
1380
2291
1338
1355
34
3022
2439
3142
974
1501
2432
40
3763
1605
3044
3569
3374
3333
4396
349
1030
1193
1606
544
645
3654
1554
1631
610
1587
3019
3531
13
3933
1158
4457
2509
4618
561
4757
1172
1043
2985
240
2336
2885
1954
1884
4992
2022
601
2756
4667
1969
2103
1655
3885
4015
1877
3835
1799
3828
475
27
624
2554
3511
3608
3260
3607
688
3664
2647
1832
552
1239
1529
4669
2426
4039
359
4176
1358
3762
3226
2602
1951
1560
2054
1284
1402
4328
3392
4437
330
2943
3319
374
2689
4383
2310
4525
4026
2125
676
4151
3863
3884
2188
2993
2247
4119
608
1462
2862
2965
1745
3926
1145
3574
4886
2227
3628
4703
1670
2597
2017
203
2979
3753
849
2491
3538
2093
759
3456
3390
4143
2862
581
2729
4400
1162
3689
4668
4603
1547
2226
498
3805
2082
467
2716
2933
4748
3554
616
4622
933
2467
2795
817
2239
1567
3683
3520
1798
3924
4079
273
853
2191
1068
4052
4898
3894
125
2716
2521
4229
1437
1326
3352
467
2783
50
4670
775
3434
4993
519
3001
4597
4987
1650
4497
2047
3151
903
3945
3953
4035
4502
4086
804
1169
2222
3397
3892
1315
2555
4278
2802
4517
2185
2675
1619
3159
2440
3214
2269
373
2170
2927
4722
1381
186
347
788
906
3694
164
1906
2553
4447
3254
2806
3379
2751
2403
4617
4400
64
3913
3586
2062
564
2133
3843
2354
4480
441
3940
4459
1441
1349
4431
3464
957
4258
2077
2367
3281
4341
2543
2612
3878
834
1625
2180
2915
2887
4697
157
232
1005
3313
1988
876
3735
766
1521
790
1812
4532
4977
533
729
1981
2451
174
10
1586
3691
1673
1168
2815
4866
3083
4312
4716
2620
594
2945
736
881
2643
3708
2576
1254
3456
1814
1470
4990
2838
2791
3437
961
1164
3293
3373
4020
3677
1256
494
3312
1322
1080
1263
3762
3814
1762
3930
2486
21
1516
2170
533
1439
57
1093
3585
3049
345
1493
4432
3572
3705
1126
3166
2817
278
22
820
2920
211
3981
3623
446
3948
4537
1552
1559
4899
3303
175
4212
1427
89
373
4024
3777
1667
3598
3391
224
3824
4923
4892
65
227
746
304
3421
4216
3427
4665
2830
1497
566
3660
1708
4959
1070
3400
454
1978
532
900
4787
3441
786
727
1170
2342
750
5
3769
3287
1239
1580
3025
3816
4960
4505
452
1990
2646
1708
4181
1309
1733
2328
1917
932
1601
4341
351
4762
1870
1526
2488
4175
3916
1336
1388
1722
56
151
4361
2619
448
3512
846
2030
2967
3682
3355
3664
713
1231
1413
2332
4511
170
2328
400
1624
3380
3049
1896
2372
1062
1648
1885
218
4196
1358
2220
3302
2515
3002
3026
1384
2506
1851
4938
4754
1688
1684
2171
4432
3665
4075
4439
1513
124
2660
2867
3796
1059
550
3268
89
353
1458
1363
2712
561
3668
1557
3198
3974
680
4319
2571
4139
4558
2484
3126
3141
3080
2577
3783
3186
700
4410
4373
2456
1365
324
2083
209
734
3994
4743
2247
1319
104
3386
3299
4962
4461
2725
1711
961
2757
1186
1927
4523
2785
1454
1505
3712
152
887
2887
2904
3493
3810
2341
2778
4063
1821
1127
4218
265
3862
4557
1113
2151
2918
4365
201
2936
1248
3583
389
64
1556
4852
2164
528
3747
4102
2895
4639
3346
1930
807
4119
483
2481
4236
3176
3649
4763
76
3338
1628
2601
534
3556
780
2245
1955
1422
3660
1389
320
2597
2306
1126
952
328
2646
1284
759
3921
2210
623
3637
1798
4801
2503
1570
4118
1464
4184
4145
27
4556
2892
3623
2649
1264
2990
2098
542
1250
1210
1544
756
1149
601
764
1029
2818
2164
3867
924
1557
1518
1202
750
4233
4837
1711
1814
1232
471
2975
603
2947
3538
2999
3299
3511
2200
1053
1877
875
1132
4254
3780
390
1178
730
1139
4745
3637
200
3109
500
1636
2956
3948
28
4668
2061
1804
1364
3552
144
3589
654
2950
4684
4319
2008
3046
3163
1701
2108
4680
73
3599
4781
2981
1447
3968
223
1735
2950
3760
2631
2932
2377
791
2041
3776
1617
1185
3654
1894
2224
1466
4327
4409
2635
1116
3757
1539
3686
1839
627
4097
2232
2991
162
1446
902
3538
1405
350
3192
3975
2679
4743
4227
2726
2256
1058
1435
2875
1778
3861
4646
3634
2985
3977
3965
3989
1678
3902
7
3286
3834
3344
2254
4131
834
1375
1372
1057
2353
3825
330
4401
3947
2683
4158
2481
1558
1727
4495
4565
4757
4299
450
2148
2214
1284
919
4103
80
2391
4414
944
4544
173
3559
4385
4657
253
3468
4864
2478
295
4778
3489
4813
1000
3760
2415
974
1622
2582
4093
4473
4929
3689
4598
4373
1693
537
2043
1893
1650
3693
2142
222
4544
1766
778
109
676
2749
1765
2336
4018
1989
671
2717
2135
3364
1376
1742
3166
4118
4723
1891
2188
4582
3627
1794
4913
2090
1470
1329
3781
1127
1907
774
4570
4620
413
4961
3224
910
3198
121
1133
4706
3705
402
4417
1245
1154
1964
4772
1291
2162
2537
4422
4540
2384
272
1402
2289
1132
2221
2499
3237
1803
4765
1242
3974
2934
3389
2897
1943
1781
99
3273
3687
2156
1626
1991
4987
1751
888
1456
3391
2716
24
1657
4692
4571
1191
3700
833
2278
787
3594
2406
1280
4269
3005
4340
2743
3767
2324
237
4510
938
4830
1988
3390
504
2834
3574
2596
1347
1335
2000
2586
1769
2962
1461
1110
2127
3840
1788
3071
4963
2562
1254
4085
1383
4664
3833
3152
287
3825
1250
4479
3639
3308
3696
391
4400
4859
1641
764
345
2102
4666
854
2766
1149
4406
2225
2367
1187
2827
1969
3107
2389
1586
88
3577
1971
3491
3188
1074
225
4593
3736
984
2287
2418
234
1688
4241
479
3486
3135
2241
537
1977
12
836
2590
1045
2214
38
503
3170
993
1702
1438
731
639
410
2282
1725
4170
1763
4947
2748
1099
34
4066
3677
598
3722
1297
3578
2243
1063
813
1126
512
2220
1888
3223
1148
1576
1714
187
2185
2348
635
522
3483
1213
208
3654
2672
2507
4930
260
128
770
488
3555
2653
2208
188
659
1787
4204
4255
2004
1764
1974
1093
3564
1382
4022
3242
4265
1344
4797
2288
211
1842
3812
1999
232
1646
564
136
2774
686
4327
1714
2729
1284
2863
4286
2167
3998
3245
3923
4099
2796
2567
3422
1503
2369
259
4574
1262
1340
1939
2368
4225
63
59
2536
2417
397
3147
1649
2328
1022
1509
4551
4534
1399
4271
785
3731
3094
1613
80
4098
4125
2973
1014
1499
4159
1988
1495
2124
2761
2379
650
4130
2111
4272
2106
426
3962
2248
3865
2839
3608
1831
4056
3537
1044
3303
1532
15
1218
3591
2439
22
149
2911
26
4709
939
542
4196
3204
2331
1015
2400
3079
3464
3055
4967
1557
1234
1488
1134
3967
176
3567
3896
2272
471
677
2529
1622
950
4060
895
3315
3011
3336
3527
3520
749
2110
176
906
3578
3993
4247
3368
4541
3742
3694
1115
4284
3753
4818
4638
1060
4514
4793
4148
4479
2958
2580
330
3269
2637
3178
4349
2427
4435
874
3972
4654
677
2461
1159
3002
1310
3154
242
484
2676
532
1705
4515
4634
239
2880
2072
2084
13
1455
52
3598
2697
4267
2961
2981
1468
2430
4503
589
2885
1979
4079
3310
3161
1354
4747
3288
3459
1826
2891
4638
2403
2036
1188
3196
1777
1500
294
1466
500
3502
4113
796
3800
1191
4419
3802
2993
102
4477
1799
3272
300
4743
2942
3371
391
1219
3040
3316
1238
2740
1815
4506
3889
658
1431
1682
1748
4310
4630
4939
4252
219
1571
944
1539
3585
2439
1748
1004
4354
4929
3838
3857
2055
2087
1866
1345
4450
1947
1651
542
2026
2189
42
3560
3056
3999
4353
2581
1826
3326
4680
3955
3359
3889
223
3125
561
163
2930
3524
4282
1503
3952
839
2297
504
682
4355
337
4548
2461
1027
4727
1052
2987
4417
3004
870
2329
1626
178
1517
4438
98
3556
2339
1462
4291
101
2578
733
1694
1368
1927
888
1900
3540
3035
603
3731
2871
4141
2615
3009
4704
2585
2388
1779
2823
901
4578
4456
4405
945
32
3873
2728
2240
769
998
1052
747
1611
4841
2376
4637
81
4898
2956
329
4511
3922
2068
3293
1989
4772
1025
1310
125
553
1757
3219
4305
4908
1692
3949
1330
497
4506
645
2301
4190
304
169
4841
962
2084
2634
2838
3713
1011
4590
508
190
4113
3866
4217
3963
2380
1030
4396
2135
1139
257
1894
2444
1491
2199
3220
3406
2135
4662
3586
4426
4508
3288
344
2512
3865
1489
3799
3199
325
3852
4985
4243
3835
2501
2029
4696
4496
2808
1291
657
1773
29
4722
2245
1769
4133
723
2881
1447
2522
3332
4634
1421
2701
4930
603
3677
1195
4893
1930
779
4095
1960
1199
111
4938
2569
171
3547
2396
2307
3860
3428
2197
478
690
2220
826
4007
60
2589
3797
3341
2783
3943
2226
3331
3505
3515
2547
2124
1104
329
3150
1530
289
2232
1200
1560
4920
4829
4820
4682
3474
4656
931
1598
2067
2935
2395
1823
2856
3520
4052
1145
2231
2680
2458
2749
4721
622
3187
4911
845
2371
4219
2253
3005
2417
4577
4009
167
1576
2236
4360
197
1697
4242
1389
2398
4957
660
1027
261
2518
3546
1079
2328
4088
461
896
2259
4270
835
78
529
1538
2462
3001
1009
1207
3665
2714
3483
1645
536
3002
2436
96
3654
4454
3036
3888
2864
3499
205
917
2999
4794
3716
2030
683
2175
2271
2938
91
2707
1366
4159
2297
2046
93
3170
1221
565
4810
3299
549
2052
9
3254
2648
2055
2865
2288
62
3675
2861
3471
3125
3563
2308
3719
2192
2757
3142
803
3447
1667
2473
4502
3046
3985
887
3377
2586
4506
72
1420
1524
1892
2447
2230
1944
2662
3496
2411
4165
1980
2040
2822
1010
4936
4436
911
4835
1189
1677
3335
2549
1301
3736
1676
1319
3618
1966
560
1737
4875
4824
4000
3183
3313
1858
1797
4280
999
1428
3284
4744
3082
4202
3306
3332
3574
257
3542
1722
2976
4334
573
4883
1292
2321
1408
2680
3782
4211
3544
2715
1683
4922
133
5
408
343
3663
190
334
3053
1737
4091
500
2212
2763
1113
2827
917
1476
1774
4216
4640
789
3307
2897
1480
2770
1657
468
4257
4832
2550
1425
1563
3022
1965
4193
4836
485
4559
3827
1973
2032
2706
362
8
2396
2492
4031
4785
333
1077
2966
3532
42
1493
669
4386
1335
4297
1991
1555
568
374
2609
4185
600
4467
103
1334
3006
2198
3506
2403
663
3097
2417
4978
3718
726
4495
1940
132
404
4845
412
64
141
3241
1617
1197
554
2624
299
640
958
3557
3397
4567
3113
4468
4755
776
4367
1334
2970
3609
1819
2041
1618
572
170
2701
3527
4965
2186
101
3013
4991
2332
2038
2177
552
3507
1137
2012
4866
866
1585
851
54
1995
2107
1046
2017
2881
4012
856
605
4725
862
4955
2284
4593
3831
4344
1981
1497
1763
4269
1254
547
2464
2433
4378
3300
49
1347
3163
4043
1765
2883
2289
2194
3597
2513
205
513
1324
771
4918
2010
461
621
1134
4113
2777
1574
923
1195
201
480
1239
2324
3249
487
1595
759
511
2146
526
535
2167
607
285
1162
268
4149
3607
4555
1587
794
835
1734
605
2708
456
951
2860
2114
2386
2817
679
4391
4376
2067
144
404
2207
2224
372
520
358
520
134
3338
1037
2802
2002
2215
668
3522
496
1503
4158
4488
1375
4127
1561
1240
498
3145
1956
1689
1756
1863
766
1096
1205
920
135
3719
247
2646
2129
3447
3824
1207
559
4341
3371
2298
1295
2536
3357
3649
1786
3085
4336
934
2152
2685
1592
2175
756
578
3157
2146
4778
444
3318
2181
4298
3560
3147
4708
42
1192
2777
4165
1184
2716
417
4006
2313
49
405
777
3553
3052
4283
3681
1568
696
3270
191
4792
3568
4028
3145
2265
1768
4122
615
2182
3539
772
3583
872
1998
1777
4062
248
587
2192
1411
4197
1307
255
3933
1870
2285
3816
915
3443
793
3934
2481
2558
2433
1278
2007
2711
267
4522
1732
4986
1529
1932
555
4283
3700
3533
3587
2528
3054
2364
3569
3256
755
2680
2373
3463
2468
2883
3659
1473
4529
1681
4672
272
3215
1743
319
4964
878
2314
676
4984
4496
2138
1507
1995
2098
249
3646
1730
2938
3085
3533
4755
3869
1272
2378
2568
1456
574
4123
1463
4579
3984
4224
2891
370
4056
1466
3238
2453
278
1153
1873
1312
4787
4520
219
392
4563
55
1991
2778
4579
1158
831
2281
2277
3651
4519
904
910
3795
1624
1408
2050
1233
3406
519
3162
735
2946
4078
1872
2856
1059
1136
4327
907
1608
4364
3701
879
4837
4350
4931
4851
3073
3882
1412
1369
524
3021
3446
2664
4668
1381
132
1681
2800
4591
1126
3443
4130
4556
467
4153
3137
1264
2548
3724
3997
2530
1949
998
3579
4445
1068
368
3937
1906
981
3824
4629
4959
1366
1767
3643
1082
1616
2520
2463
3905
1213
1338
3819
640
2216
2189
3204
644
3932
517
496
3391
2757
4803
2500
1052
1225
4306
1638
2519
4405
3754
1018
3696
274
4001
3330
967
1425
2480
4933
2156
483
307
4333
103
422
3954
12
4245
548
89
4686
2304
4345
756
285
909
2080
3200
3472
974
2341
437
1387
1391
1854
881
4251
4912
3244
3388
3590
4427
1671
15
2886
872
3269
192
1833
3978
2617
788
3741
1895
1924
1266
2871
2002
3049
4197
1847
2325
3978
3465
3896
4880
4128
2439
3712
4953
807
1529
4343
3900
349
2576
893
2140
952
4109
2224
2289
2699
258
4075
1351
4658
3586
243
391
2159
1222
3792
4518
4222
2837
345
506
3484
1482
2437
4383
3472
671
3732
2413
4761
1535
425
3962
4297
243
1882
794
1618
2982
704
