10000 100 4000
2955
4899
5785
3494
293
5688
2434
6709
6865
5902
2345
9345
4050
4603
1506
5280
4178
7141
7834
6736
3445
2645
3192
6616
6103
8879
6694
2780
3287
7349
5129
865
3654
8051
9052
6020
7141
4436
2969
4891
1882
8548
2241
5051
2810
7932
8118
5612
7328
3038
1608
6141
3590
2949
3066
2359
3302
9440
8827
5129
82
2145
908
2460
3018
8805
774
5465
4387
3106
1999
7835
256
4812
7173
3937
4656
2064
6343
143
2559
8184
6178
9257
1672
3714
5335
6434
6540
7581
8785
2426
1509
8117
1509
3173
6541
9659
7788
5967
3713
2886
7327
627
5710
5029
2389
2275
6642
5041
7526
6763
7914
4848
7613
7181
4421
8688
1008
2608
3403
7778
4913
7437
2408
6006
7730
5214
1740
8895
390
1258
7349
1767
1153
504
8024
5860
8167
326
899
6735
4776
7344
8467
7346
407
1664
8154
6432
265
6213
6591
7909
4106
9775
9333
6155
8667
1927
1209
1500
9117
749
596
8687
6983
9627
4756
3260
1668
466
5064
1589
3485
8630
1771
9324
3737
4692
9971
2719
1765
7060
2495
9517
1944
5654
3641
3317
3110
1553
4762
7635
2164
8950
6199
2944
9521
2335
9798
9329
4933
332
7581
9615
1163
6058
1635
2648
8491
4286
3310
4446
5030
4130
128
7453
6543
5770
8628
7127
9369
7894
4920
7022
9755
5568
1325
4038
1818
4029
1367
6706
4337
6791
504
4674
4171
1129
1444
4887
6836
1641
6626
1313
5946
4685
9930
1445
7435
7040
2985
4205
7775
3256
4768
9131
4189
4753
1360
9772
5626
4623
5979
5254
4288
7442
708
9464
3671
7316
3429
7524
524
652
4252
7213
4460
9199
6940
7348
1979
513
5775
5665
58
6463
9158
1941
5265
5616
752
1788
8444
242
8386
8008
5542
7368
6289
8111
9863
376
427
6561
4703
5732
9878
6512
4853
2598
1697
2471
2244
4968
2126
2918
4308
7984
4378
1415
1259
7897
4700
3064
106
3699
3075
4101
3350
1297
6199
1285
8517
9156
5237
2532
8418
6510
5063
9226
5779
538
8432
4296
1173
7650
3528
9222
939
5071
274
5660
8428
8290
1452
2449
9639
1635
7275
6896
7076
3064
7957
1069
7108
4967
1945
7208
9540
5370
6392
7314
5830
8400
1832
511
4724
3023
802
4451
2
8963
5642
5629
5063
4193
4334
8470
9524
6100
7777
759
7101
6301
7855
1123
2815
9922
540
1470
8441
2790
265
6781
3952
4965
8897
4920
1981
1292
8880
689
4647
3911
8719
2795
8377
617
8995
7161
6191
9402
1298
754
1932
1402
3039
2179
2097
6554
6416
5432
4257
4707
8361
9384
5327
9204
5228
4572
6344
8454
1285
9721
3998
6656
2633
1325
3792
7337
1053
5122
4071
9966
5041
4508
8675
369
2362
957
5103
2214
1421
1073
3758
6753
6136
8077
9131
2679
2697
4473
7818
5658
5449
2938
1206
2459
9031
6369
7588
3795
6681
7066
9682
1002
2203
6594
7018
4709
6209
4567
8469
4503
3276
3715
6571
2318
6050
3282
589
242
9838
6406
1971
542
1796
1499
3095
3608
121
3664
9399
5300
6448
9663
9019
8896
3322
1208
1751
8750
8770
9379
1403
5764
8561
7170
1965
980
9785
5699
8006
707
770
8098
9408
2013
3948
444
7299
2963
8690
2015
9768
1866
8692
1471
8696
7647
8011
4180
5007
25
5427
1431
9026
623
1320
3450
5808
6268
4971
6245
5799
556
2120
9157
2125
1610
8547
2092
5800
6207
5541
270
8226
1264
5538
2514
7405
861
4999
6266
9063
6308
2343
140
7503
2703
4101
1145
4664
4577
2562
1915
3196
2
7743
1905
3832
2954
5291
1400
4767
7973
8104
8959
3416
9652
1084
9728
463
2381
374
5123
4735
5977
2461
384
3800
7155
6074
8822
5925
2493
8430
2772
5444
9744
2370
8636
4261
2907
880
7116
4787
7910
328
1217
7674
5368
646
827
1433
1558
1001
2172
3460
9306
3754
9572
6805
8173
2472
5039
3265
1865
1548
5336
8
868
2236
11
3409
6959
9610
1252
2486
1310
8768
965
5854
1666
2730
642
760
3673
5956
1307
7050
955
2124
3878
8327
9287
1632
2503
564
2006
5444
3412
9296
4486
1677
3161
624
4697
546
9399
5321
1328
1653
9573
7668
1496
5914
2748
1997
1773
7110
110
545
459
5613
6891
5905
7534
2021
4000
5986
77
2993
5050
21
7235
5452
5547
2403
4658
6075
2420
9084
1582
5915
2207
2862
7464
5869
8540
7237
9384
2621
5067
887
1461
9119
1259
4107
2749
792
4410
5466
4731
1181
2152
6516
901
5490
1561
7491
376
7761
948
6903
3409
9091
4197
9064
5686
2188
5006
4526
9179
2323
3795
5254
5431
5513
5579
6508
4301
3779
293
8636
4510
7407
7684
4410
5845
6000
1421
9026
9016
2513
5374
4290
9478
9106
9944
4377
4279
6179
1761
3422
2732
5638
1772
5596
8185
2034
9977
1252
1339
7132
9098
9683
1763
6166
8434
8293
5650
9045
3244
6982
906
7664
3099
9317
8046
2807
2853
7689
8754
9767
5606
2284
360
5436
6298
6079
1723
3052
5934
4493
5460
800
589
2122
2870
9526
56
2085
3226
5852
5038
133
2890
9653
4592
194
4241
4676
6309
9066
7923
9947
3967
5443
9076
6270
7629
5025
1907
459
6096
4277
5469
6848
5095
385
6349
1844
6700
9367
2442
5415
2702
417
9027
1996
4042
1963
7088
6075
7148
2185
6675
5030
7364
4068
7925
9057
9211
469
4247
2449
1961
87
4343
5325
8727
516
9359
6787
9207
706
811
1136
7016
4293
3784
7299
5100
6159
1532
3862
6923
7296
1715
5248
221
846
3689
2756
9146
9044
8044
9470
9223
3112
1855
6400
7241
8048
847
3300
2699
7506
4863
2563
9380
9474
5236
7690
4983
9037
5232
8207
83
6104
7268
3732
417
4066
2168
7902
3707
3045
7545
8704
1079
977
3752
7228
7785
8650
4338
2257
5849
4308
9999
414
5790
2241
5533
295
3505
3805
6715
7222
820
7203
4429
9896
4412
1945
3027
2451
2194
3504
3049
4979
6701
3077
2431
3648
4760
6123
5691
9406
3315
1876
9287
2243
1188
9304
1484
1208
4341
3188
6034
9587
8217
2763
7612
1687
2423
762
6815
6464
1347
5195
9644
1436
9260
8852
1714
1707
1085
3909
3930
5259
4032
2718
3634
9915
8401
9193
1127
1719
821
2403
520
2773
2395
6415
2516
3102
1904
9780
9732
5826
9836
1219
5482
27
6922
3044
3176
1235
2038
9229
7770
157
4325
34
386
3601
2028
8082
1644
9523
4004
135
1536
3097
4790
1885
5953
6449
8322
4177
4585
8835
7
9719
2330
2173
1641
451
1482
7383
7797
1558
3557
3144
5469
5436
1876
6225
7981
5760
6041
2396
9752
4614
6324
6063
5536
9743
1474
3928
3870
8090
9900
1640
4801
6776
9915
2322
2117
3386
7535
1360
9294
1252
363
444
9014
5625
1020
6554
6234
636
8910
6880
4651
1098
9900
2066
669
8757
3947
2678
1998
8010
4241
1562
3726
1153
2190
8094
149
1832
5516
2085
9244
5832
9728
8668
5787
608
4810
7900
8163
685
9170
1856
1433
9415
4600
9413
1203
9094
8647
1955
3184
2770
9864
182
9769
6938
7578
4315
6980
2600
8378
6958
4210
5529
5962
9999
1758
867
3227
98
1436
5473
8221
2559
3595
1151
7037
4040
5998
9101
756
2062
3273
4701
347
1821
9320
2594
7760
8941
7967
6777
609
247
6266
7146
2632
7752
2834
6856
4066
7301
3326
134
4221
3253
8450
9447
6094
7096
1101
3604
6792
1309
2105
8735
7238
1023
3261
459
9430
8616
2031
2079
1251
2668
7432
6027
2024
2735
910
3814
4287
1518
4080
3025
1416
2330
2444
3735
3355
6362
4687
10
1707
9000
5495
6778
1637
4957
9147
3646
8447
8319
8749
5908
6900
358
2818
1462
1138
5185
6294
5698
3007
4643
794
6211
8787
4364
6728
4280
8499
3985
721
4973
5300
2617
8253
9415
3523
3002
183
8321
3168
8475
9788
6896
143
5400
1679
228
7484
9934
5595
3039
5250
6571
5240
8515
6101
7645
4589
1771
6391
1326
9188
498
6251
2960
9099
740
4322
8418
3647
1484
3994
8587
987
2034
8079
140
8221
6101
5303
4506
8223
6760
5968
1210
4620
174
6830
5822
9233
6947
959
8237
8057
1973
179
3675
8318
9608
8598
6463
2101
6989
6153
4461
3141
901
1032
4286
7208
8861
1768
340
7376
1637
5450
3367
126
1592
5253
8526
1707
4653
3325
4107
5649
5022
5768
8639
8998
2394
6138
4681
7994
2925
4746
1377
1983
9240
1267
1285
5555
1522
8116
786
1710
5011
2215
5
8973
2551
836
897
4745
979
3747
3783
1385
2323
4467
176
7132
9511
8127
2970
1493
3754
1808
3068
9718
7429
6379
1745
9874
4511
4126
2056
6801
8854
167
5315
2670
8426
3503
7009
5589
3610
2716
310
1123
9265
8144
8851
7053
1927
1983
9336
8017
2473
2351
8344
4808
4046
6316
2227
2513
3061
5799
1552
342
2086
9875
3943
6037
3650
8163
2498
9882
1218
8743
1132
6954
1510
5937
9440
7461
6856
8886
4203
7037
5444
5404
5907
8203
6998
7395
936
895
8990
8275
6458
2198
1347
6734
1285
5358
1897
5285
7354
1833
5671
4327
2190
9192
6680
9716
1897
762
5012
5065
7759
8378
7086
1820
7685
9803
2615
9918
6288
2460
4428
1192
8061
180
1532
5872
2336
2670
1155
294
2208
2151
529
9104
5625
5423
2707
3411
9354
7776
1182
116
3809
1563
2799
2870
161
9888
5104
8546
4852
9638
1139
2199
6663
4269
4174
9310
6388
6104
4857
4862
2996
3634
5552
3909
1518
3611
750
8585
123
903
267
1391
2491
6931
4170
9131
9386
8541
2619
1937
1517
3304
703
8010
692
6353
9500
8351
1956
452
5540
8913
1544
4201
3047
9395
4343
8019
1518
1648
7430
9704
3764
5812
4350
6869
1888
1853
1730
1674
9344
1675
1297
6659
1334
9077
7767
4352
3215
4690
2948
7865
112
3364
1616
5654
1246
1067
1682
5115
8294
8259
544
2618
3535
7782
9377
8109
5095
7321
556
7508
541
344
2774
4038
2469
2258
3598
1849
8726
6939
6006
5704
6393
4921
7650
5949
8875
969
2067
2544
1675
8131
7100
9362
9842
1911
279
8335
9383
6050
7441
7761
5631
9116
6182
3638
4042
2052
6474
6858
3888
3470
9138
9275
7391
5134
5269
4988
5101
966
3465
979
576
5177
8225
9339
3574
6700
4324
1810
1298
4505
5939
5476
3161
9488
2235
4278
802
9766
5651
1226
3690
2723
3653
4404
2085
8290
5783
7775
1220
5754
9850
5807
7417
8667
2240
9385
536
4766
1101
6115
9695
4425
7050
7545
5041
8718
3157
9725
2794
8868
9950
9114
7005
1437
5509
7216
5660
9877
6203
7456
9417
7611
1470
4248
5165
1487
9283
346
8298
94
8164
1714
503
768
7329
654
8560
141
7870
4254
6122
5996
2583
90
1313
2284
7211
480
9308
7640
2826
1174
7517
5710
7532
3911
7442
5352
6052
8951
3237
4417
7165
24
826
5040
6199
790
6438
2774
6791
7968
7403
1495
805
1582
3260
8671
7529
2891
2050
7361
7547
5027
3681
7482
1852
720
6437
4160
9492
7078
534
7605
3253
5630
3348
2375
4433
8103
2649
462
2365
1340
411
9727
3031
5522
1066
6244
9209
2606
6397
892
2902
5345
7487
2296
7669
5759
7250
2977
3008
5771
1232
9661
678
7005
2017
3154
3090
950
1024
2796
1052
6048
6239
492
7264
2539
2577
5905
8059
4257
4678
8939
1092
4195
2344
286
9343
9772
1107
5016
5059
1519
5687
5635
2097
4327
1427
9163
1045
4572
8572
2843
2214
495
1988
4858
2699
420
6669
6898
1012
38
156
2493
6605
1445
2754
933
9563
7386
6466
359
8570
7289
9387
8368
6746
4642
1608
9826
3509
9842
2208
1662
1901
1372
9586
3656
177
5326
435
8993
4945
4407
1966
2143
2116
2716
1556
5324
9240
8781
3047
738
7292
9902
9612
3854
8763
1064
396
2729
9018
4031
628
6963
4675
9849
2944
395
7127
9634
537
8657
6624
9369
2250
8471
410
1977
3301
1083
266
1891
9671
2163
9006
543
3747
7316
6931
2034
2018
4284
6475
3261
836
7814
7554
3482
3859
157
4086
3788
9304
9475
1603
9581
3372
2750
7653
7669
6551
1697
2679
8481
5520
7325
5173
2551
2501
7154
2114
1960
7151
3581
7869
2038
8544
3021
2832
8230
7981
3760
9143
7496
6636
5068
8959
2392
1991
4208
8011
8498
7493
6884
4359
6871
2428
8357
9169
8974
6582
8859
5175
3139
1963
2796
7937
1566
1920
470
5021
4041
883
2066
6262
9329
6713
1489
8663
8183
2791
3442
5763
3569
4769
1603
3028
3516
1711
680
2030
9072
4259
1448
815
5890
835
6278
8873
5536
8576
1597
2510
584
1785
5648
4367
7638
9640
5893
3894
8980
6081
8532
7514
291
3875
8646
3322
5691
435
833
4819
3475
717
1680
3122
5734
2986
2965
9489
2775
8935
5262
3389
2962
7562
5677
9752
6925
9106
9385
5512
3869
2200
926
4446
349
2444
1247
1833
3530
4974
2404
5134
582
5422
6366
6390
3563
8188
2347
3819
5042
7588
1456
1650
4339
4172
5539
8947
7637
5121
4124
1138
632
8006
616
9244
1672
3632
6218
9435
2129
8748
6035
4387
6193
7923
7663
2957
1160
8612
4328
8183
9287
7422
4643
8
5434
8493
1959
9976
6517
870
5829
1943
3244
6380
1843
4801
3031
2376
7336
2709
2250
3944
754
3775
282
7737
8052
518
9185
4124
2485
1581
2339
753
953
1707
3242
59
133
1522
4140
2661
440
6075
1728
5297
5491
1852
40
2245
7959
128
2893
8640
2778
7267
6860
687
7505
2531
6889
6159
5906
2166
4728
68
436
4541
2059
7633
367
9372
1129
6654
4119
6572
1916
3602
5093
6309
3965
7152
4262
3198
3330
208
8613
9060
41
9029
300
1089
6452
6786
8820
5664
3550
3022
2473
4955
643
4888
9588
8398
1834
693
2070
9444
1781
7960
3748
7663
390
7519
8591
9910
6826
1811
7199
3946
9654
5554
3600
7685
6933
8209
6921
6913
1794
657
5210
4968
5361
9432
9108
789
8955
4509
6462
8606
1888
359
3385
9311
6210
4889
2562
3974
9177
2812
701
5075
2058
8002
2048
2546
9020
9553
6543
2876
7389
4880
7166
2731
7370
3083
1477
9582
2321
7720
4908
770
9323
5645
6014
3973
3721
8460
7771
1122
7294
4114
5292
4657
7052
5222
672
8854
6440
1204
190
6335
183
4763
2169
2763
9350
3376
5438
7842
4830
5235
1565
1055
6907
252
450
2248
8415
7014
4486
9722
3644
5692
9737
9523
8431
1349
6042
201
455
9604
5628
3167
7048
371
2642
2983
5142
368
4067
2664
2898
6214
6193
7455
1503
1630
7703
4085
244
1346
9398
7239
92
1003
547
7263
7742
2397
8896
6639
3965
8110
1477
5587
304
2124
3783
9075
1702
5072
414
3798
1266
5719
7700
9900
8859
7716
7530
403
8518
3566
8786
7705
6470
2771
2672
777
6395
2330
1336
3697
1368
5776
646
9526
6150
1267
8659
9769
4015
3116
6313
2030
4297
5488
1470
3516
7458
3190
4664
8692
4088
2626
2962
1662
2539
4097
9500
116
8279
2167
8235
9945
6833
7410
8004
2631
9961
7741
4229
6822
9570
9298
4837
1720
822
6825
5061
3972
691
8516
2490
2951
5152
926
5792
3092
7660
1404
1740
7987
2225
2383
2072
1503
8892
269
3289
6628
7879
5684
5141
2657
8318
4271
458
2086
2920
7038
7126
5202
9262
9319
8102
1438
2393
606
2237
3384
5026
8324
4668
4560
217
6424
1760
398
3093
9822
8108
582
2481
8833
7529
555
537
5615
7686
478
7265
1676
8581
2451
444
6227
4593
5678
1607
9945
9331
1247
9577
7468
1016
5724
8525
7379
8747
5009
4420
2303
6508
8073
9287
9621
5940
1551
6344
3230
7408
2983
7584
221
1134
4770
5021
3274
4496
4749
478
1987
3544
2170
7421
5472
7161
2434
5890
9488
3109
9484
1041
8283
9720
3521
6203
3217
3417
3235
102
7492
8142
9204
1959
8628
6988
8111
2261
7006
9405
6924
282
9833
1343
2192
7069
2024
6270
4740
2457
5382
495
8452
8196
6858
3379
8884
48
1404
7225
2447
7231
4403
3034
9158
6822
3217
2724
4714
8524
156
6814
4853
4245
7183
2018
9737
6950
5653
3784
4514
701
5478
4146
9892
1262
3159
394
2232
9227
6915
1419
7517
7047
8847
3737
4467
8575
5314
6055
7766
1875
7600
806
6662
4082
4202
6822
2937
8855
2740
5833
4763
599
4181
5995
3500
211
6604
4561
6543
3019
3811
3883
8138
1081
2618
3724
290
1578
3439
5746
1408
5374
6582
5869
3589
3772
9224
3057
7065
3140
5625
8482
762
5584
2162
4930
7182
8055
9093
1764
9072
8761
1045
3539
9695
1904
5446
3482
5875
7072
7916
1413
677
2643
9907
1369
619
9487
1294
9450
2230
8087
2259
5715
6228
788
4694
525
9516
3882
8559
2629
8433
7458
6920
5978
7291
2348
9737
4623
651
7273
1832
4852
7657
9373
6076
5445
6834
4085
8991
8190
1675
1294
6407
9004
3398
5055
1961
4051
846
87
8315
6067
9481
899
9212
866
3024
7256
9000
2084
8520
8963
6672
522
8058
9882
8359
2546
9185
3852
5360
2937
119
577
7265
9164
5566
6786
9330
3811
1865
9550
1339
4155
2682
7501
1412
7069
8978
5216
7077
110
6024
7071
1050
2719
2841
224
5915
2570
1039
7884
1877
3961
3717
4730
6520
5433
9758
1531
9070
5656
2158
4356
8736
5403
1636
520
956
7621
6525
3331
8099
8062
3266
1867
4379
2534
3186
2444
4715
4448
779
3620
1201
7141
81
4043
5119
2858
7820
2153
901
6244
2422
440
4512
8760
2429
7100
8896
3397
4103
2552
8442
3437
6043
333
9618
5427
1758
3185
9577
8907
9241
5885
7370
7721
3115
983
1606
8656
4079
2889
1331
3279
9302
1671
9299
1117
355
2819
2613
5983
43
1977
9893
8636
1816
3621
1240
781
3395
1805
5598
3896
4618
9085
8744
8965
2686
2036
3701
8452
8177
4963
4236
126
2794
2214
5636
1653
7276
1901
430
371
509
2675
4178
2763
3696
7432
3512
8321
5114
7413
875
1471
1269
880
5999
4109
1004
1551
2078
9029
865
7954
9313
2808
6390
3343
1415
8961
6778
3444
3529
2603
8105
1453
989
6437
8617
7599
8434
1885
33
6890
1452
3938
2134
2381
7648
843
4570
4448
7076
2378
2427
3066
742
9975
1257
2308
749
1507
9215
1638
4220
3895
8858
187
6427
2386
4151
6350
3690
6337
1808
1603
7763
7926
6820
8271
1882
2710
5337
9981
1041
4277
8917
499
1945
9824
7497
650
9235
8393
2481
2961
6519
1120
4651
7278
5365
4936
5756
1218
6859
2384
6405
1687
5049
6395
1440
2846
5877
1138
1679
8100
8395
5399
337
4258
1584
7727
49
2604
5244
8356
3233
6950
2463
5227
6059
2912
6606
4977
9738
5104
6518
1039
1694
967
927
9321
3324
1797
3374
1087
4807
7009
8653
12
1019
9841
9186
2772
1941
1469
2886
169
348
3812
5408
4039
8465
7907
5443
8887
1765
7476
6265
68
5416
1311
1097
715
2302
6282
1999
1705
7056
681
2068
8099
5271
4397
48
9709
6346
1935
1155
8633
7493
2319
3377
2530
6290
3765
1962
9363
7021
2212
9688
2019
7447
4435
1709
962
4963
9896
9353
370
9922
2667
4534
9514
3858
8535
1409
8923
9328
1084
5037
6475
538
8015
4422
4979
4665
4984
170
1590
265
2582
9036
3714
1870
1647
2264
6846
2824
1665
9470
4830
1794
3643
852
8280
6182
5316
2468
3640
5213
6614
3661
5483
1773
6119
3837
8528
4714
1810
8431
1907
1305
8597
1918
2818
3082
1079
6979
3660
6115
9564
5040
9263
3815
3541
6165
5814
4868
8780
1729
8964
4242
6175
1219
2554
3972
2421
8116
4812
4051
5530
3202
2184
9346
2951
1696
4598
4225
853
6956
1429
9695
338
1719
1666
22
1675
1270
3954
8736
677
9933
5272
64
1507
7456
9130
5001
984
7656
5064
9023
7747
4647
7549
5983
1795
1546
4107
2822
8596
5309
9858
1768
6608
6329
3865
5859
1617
2334
9069
8676
4524
9069
6972
2123
9042
7198
4373
5835
1250
9705
8906
8448
1069
9482
7655
2090
3202
8539
9438
4056
5005
3410
1075
6978
2541
7252
5271
9093
3284
3651
7805
7337
9909
7854
8839
6003
7850
3399
3380
8476
161
7654
3931
9671
2427
5927
1129
8943
7437
7387
587
1056
4020
6771
9729
1676
3543
4083
8864
8204
960
6418
3637
2788
343
8722
3485
1459
1552
2021
5848
3230
1072
1053
7
7501
9300
230
4292
5297
5600
4643
7135
3493
2098
2645
3198
5612
9311
2988
7887
1762
5097
1789
4619
9460
2123
1392
4825
9957
675
3449
356
2360
2132
8817
6697
6946
4144
6538
2564
2539
2008
5562
6065
6533
6697
3703
5138
1956
4855
5741
3329
6599
2890
9489
7126
4271
3351
1773
2441
2400
537
9646
2726
4676
1095
1143
1414
7952
7655
2532
7327
5397
8596
82
1915
1873
1670
331
5672
2763
4761
9360
6273
5273
739
7466
5472
9054
8159
5503
4412
6273
3726
2243
7667
657
3798
5066
8815
1648
4457
8410
9395
7428
7065
2051
3697
3829
152
2521
158
8577
6229
662
27
884
7792
911
7803
79
6942
6312
2040
2772
3173
6703
95
7071
7587
3956
4794
3679
6002
848
105
962
5887
7939
2823
2693
7831
4978
1512
1892
8278
3914
4879
1754
169
5176
8687
3492
5544
4225
1396
6631
6169
9659
4316
8635
8318
5002
7233
6823
5882
3042
768
6316
4605
323
1019
3761
7898
1816
1868
5348
8880
6779
2289
6951
2136
3624
7293
1514
7810
4169
4830
5251
2030
2442
8006
4282
9638
4675
5076
695
9761
8451
5452
3612
4903
2053
5565
9336
3820
587
8620
7241
9169
9363
3914
1199
9311
3454
692
850
759
5007
6156
5003
4586
3270
3878
7891
5521
8344
98
811
40
1772
6473
9456
1291
3776
7521
450
3988
7193
7882
296
9321
7378
629
3442
8120
7009
801
6889
9013
8057
9240
8789
5704
4405
610
7641
351
7307
603
6727
2878
5338
2603
2296
2030
7472
9064
9560
7082
220
7567
910
1342
6107
7479
5540
4372
5328
6935
1228
3428
7275
8435
6666
7697
455
8866
1565
1099
653
614
9578
1293
1444
7940
3388
5359
8482
2140
7998
90
266
7979
3450
5668
3982
6117
3338
1698
7455
5983
4798
852
6591
9471
2863
6661
9068
2451
1645
5947
8200
1043
2703
9821
6719
5293
4330
167
9057
6944
9215
4141
571
4211
4176
1193
4055
8800
2132
4753
1760
9222
5990
368
6646
2895
1679
9590
2197
7006
7229
2328
6838
8710
8891
8076
4464
8270
3591
4745
4326
1299
7905
9434
1319
2219
1575
8932
3173
660
9743
5955
7766
7916
1928
1228
2294
6842
5262
8166
280
9136
4075
3833
1028
3717
2734
1856
7929
150
5880
5364
2715
4733
9649
3185
6108
4123
7331
9678
3486
69
91
6379
8686
5867
9577
422
4725
2942
413
2101
8783
5920
1127
6185
1018
1686
619
2837
2527
3296
2712
7602
2840
7657
5085
8008
2653
8231
5069
3763
3171
8361
2728
7248
985
664
578
5449
5282
8903
4043
8104
1725
4225
3549
8834
6276
6022
4708
5824
2062
3689
8267
9367
1883
9219
3515
64
163
6743
4240
4941
9214
323
3450
4427
5684
1865
7708
5020
5238
5947
1689
7583
9421
4554
3674
846
1055
7733
9872
4052
2474
9833
5780
1876
7376
4094
4086
8263
839
3337
271
2593
5586
5757
2914
5032
191
717
713
5714
884
8875
8153
1240
1608
733
3741
892
8762
3335
7802
5073
2030
1358
1625
3704
9239
3431
7037
361
2817
2713
3601
5131
4897
7033
429
7534
8182
6092
4919
91
9551
4077
3802
8741
6344
7583
7956
6927
9728
8015
956
5770
5849
281
8682
1497
8252
9446
6074
3039
121
3001
64
6009
8089
4459
2052
4246
6386
3830
3381
1084
7859
2332
6101
268
974
4617
1062
711
455
7687
9763
95
8235
5588
7929
6600
1789
6866
3932
4717
2623
681
1975
5346
8158
4373
9554
6193
6731
7220
3906
6877
302
2187
3992
3752
3324
9451
7602
3986
5869
2505
1794
2389
2159
2663
1116
6262
8613
6711
5314
9724
4854
3700
4567
665
7931
6288
8392
9552
1510
1129
2244
6189
2416
6523
7966
394
8021
7503
6824
3638
8078
6269
5780
7477
603
5384
120
3985
8122
272
5816
2961
3859
9421
8125
1112
2436
6297
5959
2916
5665
6494
4208
4767
8040
8962
5939
6606
1364
5945
6090
6482
2092
8894
8205
569
2109
3225
1628
2049
2725
6377
1164
534
1308
6546
3692
330
4814
9685
8729
6309
1776
1232
6571
2614
4302
282
5063
9600
9257
4511
9711
3013
4425
2836
9536
3969
824
2805
4875
3809
3983
9306
6846
3041
3803
3378
7739
2260
247
8915
7182
7094
710
1908
3132
8487
8140
6406
6160
5410
3675
873
305
9315
4105
9780
9960
4271
477
4480
8625
9093
1264
2469
7138
302
9308
2862
8478
7424
9849
8969
1468
8986
4849
9380
5827
8806
6683
9669
6367
8596
9240
57
1517
9807
5735
3726
4131
1091
6561
8999
5564
5879
1992
7831
6807
8526
2993
300
2722
1381
8993
4557
8433
3913
5140
1922
5578
9293
5821
1911
5973
9000
2477
344
1401
3670
785
6437
3446
901
2063
971
6310
3214
1038
572
4900
9837
8341
7640
5821
1464
197
9967
9416
2563
2731
7014
9025
6631
3143
517
1450
648
6219
3224
5355
6738
8815
2560
1666
308
7309
6452
754
8091
5873
2415
730
3236
1909
9057
2092
9883
8454
1893
3664
3749
8282
4940
5357
6075
2506
8906
8961
2775
1568
924
791
1484
6965
4680
138
8948
4129
8796
5995
16
1216
9145
3470
2594
6851
1376
4431
1171
5257
9573
2506
6429
9233
8376
715
9828
4705
164
1511
8174
1499
7679
5454
9178
9394
6246
4015
3407
7273
3788
9243
5180
7838
3210
1435
9673
2906
3523
2501
5059
1492
1508
127
7651
7806
4228
4598
1042
8533
2443
5097
6311
8850
6772
3391
3603
2356
6699
1580
6364
7048
6282
2928
4411
7335
2765
6594
1980
8549
1138
5286
426
171
3893
4866
8114
9136
309
1418
1963
2619
1507
952
4917
1811
8996
6360
8581
6647
7957
769
4721
5051
6636
3601
743
5529
9733
4119
7103
881
8120
221
1132
6749
3609
8423
29
1987
1101
4282
395
7361
2043
2929
188
9488
3646
3591
7200
892
7543
7429
6889
4202
7412
6068
450
8431
382
944
4250
1846
9613
7201
2971
8808
1584
7310
9242
2850
3370
4161
6381
1247
565
5719
4388
3849
5094
3077
8903
6301
4694
9576
7065
2525
4228
7515
7288
4005
6324
2378
7050
203
7287
4390
8381
1567
9189
6180
8674
1424
6279
1951
5881
6154
836
3121
2560
147
2085
3471
8119
9983
1152
52
4084
7722
4649
7523
3909
4904
896
5183
464
2276
1731
1948
4118
1663
738
2829
2289
520
7748
1195
7205
7543
4065
5017
9894
4404
2083
2884
1488
1538
4043
2022
1794
8039
4868
2179
3161
1748
7828
9586
8084
6441
4176
1748
6135
6123
5597
8418
8067
577
877
2322
6990
500
2170
1617
2105
2248
3149
7063
1409
8903
2807
8324
3082
2216
1680
1581
120
4891
9045
5644
9281
1698
188
3490
2184
9611
1283
3441
9171
9149
360
2560
8324
362
4518
6100
973
5883
654
1177
3697
348
275
6009
5126
1582
2148
8582
6571
7356
2637
2526
9745
1438
1590
4758
5222
3396
6288
2134
5823
251
5197
6993
5767
8484
9108
1136
9372
1470
4545
1022
8556
8620
8176
445
8676
8536
3765
4755
9573
239
1180
5993
2405
7823
9237
3318
3448
9966
7188
8495
3483
126
8964
3227
7479
721
5383
8391
6402
2355
9471
3534
6393
2090
2007
5766
4894
8756
685
7728
3803
5206
366
8785
6444
9967
4291
6498
9519
461
8592
5673
4223
3141
9117
6101
9353
102
5881
6318
3940
3626
7808
2361
7715
2403
9665
539
4239
9582
9766
8370
5384
9327
7639
9246
510
2909
9421
263
7270
7785
6664
1935
2156
1888
7425
244
6555
9847
1481
3525
1763
1221
2686
4101
6627
2413
5105
3458
259
221
881
8607
4728
3691
8692
5218
7634
5245
8410
1590
7966
6891
8268
3226
9275
3843
4287
9229
597
8324
4330
6589
1132
6349
5449
3264
2433
5438
1531
2555
6140
272
8232
5462
8518
4352
7678
5365
4384
9174
4405
1336
816
2671
5049
8296
1955
1304
3333
5934
8897
233
4728
6597
5903
4290
8074
1721
2730
9679
418
482
4997
349
6936
6149
6807
4322
5509
6200
2969
3476
2172
6732
8718
3614
7915
2113
3426
1977
2704
4190
279
1430
9973
3276
8043
1563
1214
3718
5120
6056
7935
9598
7473
1686
9376
5232
3276
673
1781
9443
1008
7107
7178
4864
5259
2568
578
9194
5228
7590
1154
3576
4004
2600
2979
6631
8575
8166
9050
4812
8697
3011
1708
7315
4112
4349
72
9404
1186
3725
4659
1679
2485
4478
7452
1164
8066
3485
2368
3690
2302
2408
3674
3955
8398
2461
6215
2106
8890
1795
8688
4316
9595
7558
5834
1266
9680
7137
3003
5294
9414
6749
5386
5638
8993
1321
9943
2891
4482
3889
2819
9713
8732
4668
7460
2287
1088
1952
3873
1825
6449
3735
4241
5034
9271
2689
4723
5868
4200
9242
7597
9850
1944
2590
9422
7901
2138
9246
2260
5092
9811
3152
2922
4473
5658
5646
7622
1563
4523
9587
3546
94
1303
8457
4561
2666
1745
722
4624
4660
2752
9890
7100
1104
527
9921
4959
2618
3727
2469
2100
4702
4961
4839
4844
932
1879
4580
2480
3693
8757
3371
9132
5103
4006
5520
8692
1872
2059
8023
4309
1964
740
9401
3791
4184
7352
2030
254
2772
7606
3222
4984
6743
5858
8787
555
8421
5902
2030
7012
3136
2543
9175
9091
309
287
7551
4997
8334
900
1774
5825
6686
9914
5759
2038
460
8025
13
4864
481
6985
6668
5534
4699
2177
7233
9306
4030
4272
1638
1424
2144
8104
4622
3292
1537
6179
7043
2051
3339
9437
7086
9631
385
6095
9322
269
712
1993
3922
9391
9263
1956
4729
2767
651
9658
1406
6017
2496
6913
3764
7037
2283
8511
5560
5298
3804
9472
4085
5845
7949
1888
6645
7622
7661
7133
5192
8552
3482
779
3778
2410
838
5567
9640
3644
5490
7770
4659
1417
5420
1746
8218
2627
9804
2418
1175
8054
1769
6969
3054
336
1397
6082
1985
4127
3483
6480
629
6020
3207
9016
6631
583
9867
540
4431
3966
2179
5179
8695
6801
3879
3639
5777
5382
4812
8831
2465
2285
2707
33
1683
5718
4132
5260
4502
277
7573
4363
1970
2646
6992
6162
4597
4576
353
2131
197
1293
850
8196
8183
8820
663
7977
4112
3226
53
8647
6069
7733
5409
9837
1095
65
75
3005
1132
3492
1367
1873
7416
9695
9484
1036
6235
29
7910
6876
5142
8436
8808
5421
3243
1319
7752
3356
8237
8223
3361
9617
2466
2633
266
6183
7974
4399
454
2267
8909
7563
2259
6466
7787
622
7641
4467
1630
5204
1892
7350
4007
2511
3569
2593
1928
2775
795
5757
3113
3386
7180
1513
4894
701
5219
7840
8876
9491
9831
2135
482
1799
1560
1403
2810
4537
8327
9141
6711
4487
1484
7269
6184
1002
316
7458
6911
8960
2670
619
8541
5647
2233
2361
9192
4215
6579
3489
3330
1331
1056
9174
2927
2129
7927
170
6352
7790
6040
9300
1781
9551
3677
1016
2734
8318
1261
8717
3122
9198
794
1259
4336
9308
8799
5947
5492
7766
8453
7841
4810
7488
5671
5007
7506
6713
5778
9732
6710
8791
9516
2430
8409
2883
7688
5626
2386
5352
381
2057
6731
7593
8654
9460
1449
1065
1597
2490
950
3256
7876
4617
8068
7898
2409
9287
2742
1254
8286
1586
3785
4319
7365
8771
9692
2379
9623
3489
9380
6563
9059
553
7101
5549
2563
5675
4467
5705
1548
3954
1921
2274
427
7303
4357
2575
9207
7386
520
1380
4350
1365
5725
8234
7333
3640
7618
6237
8982
6815
6456
1114
8117
4095
806
9666
2639
8383
9866
8447
9544
1642
3531
64
6453
6451
921
4512
4000
9813
6517
7667
4305
8472
4592
5445
6180
4740
7860
3558
3609
871
7815
7871
8312
2062
3280
6629
2299
1017
119
3100
4194
4580
8699
8953
6777
1881
8190
4482
1421
6069
3430
5082
9239
4142
6054
1238
7918
5020
540
2638
9815
5598
916
7390
1082
1454
9978
2998
8383
6823
4418
751
1357
1875
9766
2174
7088
4157
7610
7340
7499
709
8445
8020
4940
9276
8927
1296
6964
6398
8487
1697
7699
4215
1051
6687
9690
4211
4519
8900
6021
2888
1500
3744
1362
2663
7182
6085
7826
6322
3639
3922
475
1953
2476
819
2655
6822
4267
1935
3440
740
8543
3991
574
1300
8543
9309
3605
4079
7913
9804
2824
1186
2580
2230
4018
911
2204
5189
8689
6067
3100
745
8919
2894
3519
8865
702
1907
4805
14
5927
4580
8863
9614
6874
9877
4246
8538
9824
5090
5360
4867
4900
219
6431
4906
9989
2956
7366
8103
4600
7686
5742
7599
12
7274
6682
3183
3472
2948
4969
1785
496
682
8906
1502
2409
5559
5028
9527
3680
3414
17
1963
486
938
5236
1388
3806
8730
2162
8428
9745
2346
6167
1107
4585
2985
739
9632
6741
703
1861
881
1420
3414
1751
598
7864
4559
4544
6394
7069
8981
3306
7571
3945
9263
3352
7786
3081
471
5499
5690
5843
4788
7335
6630
1440
7820
1169
6806
294
2276
5223
5539
4751
2810
7457
457
3739
4549
866
9973
1839
2465
3664
419
7616
414
1536
1961
6527
7828
680
4746
2126
9626
576
9625
6740
4514
2905
2331
7731
8362
9346
5736
8354
7983
965
3644
1375
345
7382
1370
9583
153
1716
5004
3795
2015
7671
662
244
6042
1254
5164
1608
8553
883
9566
8042
5063
9089
9874
2327
1742
1942
7381
9161
800
7027
8111
2532
4173
5615
6055
9563
9565
6901
2328
8753
8452
9724
9095
7939
435
8680
672
9522
5936
4782
2437
516
1963
7323
2564
9154
3953
3544
4848
5568
4058
4757
3750
4977
2348
4898
604
9521
3664
7390
2612
2831
1679
3419
4467
6701
965
5196
7253
660
3519
2795
6072
3738
1396
9425
9584
145
4092
4988
3912
292
4805
4671
1581
1402
2124
5588
3567
2776
3758
9415
3695
9322
9935
2050
8849
3519
5750
6567
1267
2231
1944
1770
3261
2381
9668
9189
3387
2501
1673
1083
2661
6219
7030
6707
6005
1069
9286
3274
2042
921
1769
2305
4063
9296
4936
5344
2774
5653
7058
1085
8172
7630
5723
7255
3450
5038
1696
267
523
4385
8637
4336
1780
5022
7592
7229
1384
1363
971
8689
3081
3876
9925
2727
9261
3215
1492
5633
5242
2820
9780
6509
7932
5809
365
7084
2846
4037
8228
9105
1404
1341
4346
5243
9031
398
6682
9490
8749
2233
6557
6759
94
8951
312
5820
6247
1472
8274
2772
8975
8410
7643
3904
2506
4863
7928
8006
6535
90
2806
2108
4369
2698
4744
8303
9848
5438
9381
9045
717
4494
5858
1033
1229
5434
5786
1571
6904
4408
6694
736
7662
4056
428
6800
3320
4834
2296
9364
4271
6849
5209
595
401
8004
3196
6482
7191
788
1501
8393
1635
6518
9848
1923
5188
6841
9026
1181
4684
2672
214
6325
7747
6074
5451
1770
9050
6966
9520
9868
2593
9854
2883
8407
480
9421
2218
2091
2109
3348
1267
772
5818
2833
9751
9928
8023
2631
3621
5043
4201
2060
8232
8823
5857
3765
8145
4761
6256
7592
8301
2054
2636
1824
6254
9385
9337
2188
6683
8957
7633
4202
5640
3115
6439
2702
3572
352
6530
9590
1771
9235
6959
8203
8896
342
3262
3037
4367
5652
876
1744
1997
1539
7967
9137
6215
5797
3018
9537
9189
971
8751
4597
9094
5142
8905
2656
9940
7869
2344
8386
1386
9988
1108
8585
3870
3533
690
6099
1257
1759
3993
8387
2264
9628
2689
4683
1546
4211
1761
9256
7225
2345
4001
8347
4370
7635
3901
2048
4249
4027
8732
3119
6390
927
5982
5558
9528
7054
520
6030
4029
8997
8989
6355
4147
3375
1506
2714
1155
9054
1367
8714
1275
8239
8324
4669
6013
6934
6893
2715
7227
3382
8915
3751
7893
736
7700
9185
9172
3166
9527
6621
1921
5227
7719
9940
479
3728
9815
657
4214
7154
3040
9859
8474
4634
7363
6543
3009
3244
1352
6138
9713
6811
2095
1117
6522
2201
4020
5525
6267
4054
2086
6673
4232
2812
3299
3847
2207
9573
1229
8740
5042
3620
7327
4506
7571
357
2210
9830
286
6295
8808
4255
4462
9436
5674
2306
3310
4697
1721
2771
4303
3485
7746
7125
3019
1817
3768
1184
9616
1560
5400
7041
931
4678
3541
1505
6448
1393
161
3209
6684
3508
8435
6683
4502
6929
2323
1189
1818
259
7671
4857
2567
6369
9708
8879
9123
38
4729
7358
7748
7762
227
790
8096
1465
395
930
698
1792
8589
8729
3583
7496
1066
5043
7229
6296
1677
974
4267
410
7074
9527
2564
5928
6606
1430
3051
6084
4634
2155
2124
9254
5901
2518
9171
8922
7512
3974
9377
114
4302
3895
742
1248
1016
1039
8542
77
5750
8485
7651
8460
5104
1858
7002
7162
2254
9285
8554
1585
8491
6175
2080
4948
8506
7046
1161
728
3413
8499
2511
8371
9649
641
8907
4679
4009
204
5078
5437
1679
1338
8548
1697
9542
4882
2375
679
431
6596
1877
8628
4433
3779
1939
7570
2248
3351
6159
4459
1558
2193
3626
5566
5885
5689
178
3348
6184
2128
9564
1710
4258
8279
6165
1249
6299
25
3563
5904
9532
23
3625
554
9801
2327
5349
273
3253
3562
186
8970
7426
9668
6691
2371
2264
6313
4709
2137
3183
5476
9580
9983
1681
3099
2672
1518
4104
2559
6712
5297
3538
315
963
1045
5251
4144
2293
4288
2532
9532
3833
9731
7440
841
6635
1641
2330
4380
3546
4857
6840
2593
5096
6441
6257
427
405
2966
1615
7365
9113
2989
3576
2309
138
7686
4435
1963
7673
200
5120
3806
2523
620
8869
4567
7255
342
8975
1440
7493
2291
7342
6173
8646
3008
5094
2720
3510
6041
440
305
6673
6443
9726
4484
967
2558
4288
7379
5946
6646
7966
1986
8784
2871
8916
2058
2270
9547
8108
9331
7255
771
1963
9184
6923
8413
2818
8417
7241
7224
8893
3928
8064
4854
8587
776
8628
6821
199
2801
7961
4927
1917
2536
1768
6838
6297
8215
7435
7632
8145
6127
795
3174
8074
8418
5
477
5966
6161
770
1988
1443
1519
1425
9077
3591
9311
6961
7413
8010
2321
626
1804
985
1595
2574
7840
1525
2142
1410
9243
4077
4338
7302
9410
6490
1652
3048
4469
632
342
3933
501
5254
505
7611
6059
9905
5100
5457
8861
1567
3353
5401
985
6313
5383
1694
7130
6373
3260
1132
9663
4949
6161
971
8975
3418
2170
562
9829
2023
3773
5841
5447
5816
7311
9002
6982
5664
7642
2156
7077
7194
4706
5526
150
6230
4583
6231
707
2238
1142
1419
880
4032
7555
7624
3813
1438
5366
3595
1480
2647
9711
4054
5848
4893
3453
5115
9982
2842
1125
1955
9172
9910
1290
6612
2922
5155
4068
7885
8591
789
9617
6866
449
7174
9113
2826
6212
6006
3243
4014
8229
7680
4709
4870
4469
5916
7868
8300
1347
1759
4868
8368
3547
2509
7608
5722
2739
7180
5560
4058
4289
7946
8065
8152
8839
6791
6457
7345
2560
2281
2801
5043
8365
4821
487
2172
3605
1640
3670
8564
7597
4765
5786
4309
2462
439
8108
932
1398
2039
3720
9358
8450
8414
2644
6644
3379
4266
1237
2706
5586
4414
7817
2995
1680
528
1083
5240
8257
466
9900
5782
6459
3666
6653
6592
1137
2945
1396
5457
2747
9930
8054
1467
345
6301
1725
4063
8000
7920
3777
7651
271
6362
2455
4506
1879
8736
6596
1070
5713
8527
637
2116
3245
7043
6157
6406
5349
1684
1948
793
593
7528
8324
4281
5110
4955
6908
4498
376
3759
6873
5756
204
3942
3481
7565
4523
5489
6400
9267
4458
2081
6572
5608
7392
5017
5832
3342
9755
6871
4700
9965
4091
5584
3490
1933
316
9295
7681
8658
331
8698
7544
9440
1705
4916
6046
4883
4479
5562
1380
8792
9212
7227
4664
1490
4623
6107
5368
1013
6494
9776
8961
1979
578
1836
9549
3150
38
6895
5435
3133
453
1135
1240
1337
6032
4454
9210
5694
791
9731
3139
9811
3167
9392
5494
2665
4533
2129
5752
5738
1651
6219
425
3941
3801
6996
9472
7370
9535
9759
4822
3097
1500
3863
2199
4832
2384
5135
9589
1432
1157
4441
4994
6175
9323
9859
6336
1854
3214
2316
8840
6146
7549
7592
4119
604
8506
526
1301
4760
7137
361
1627
2495
8133
7224
2400
7039
5522
8414
876
5608
2370
3877
6007
511
5293
1480
7394
7683
7635
936
4526
4133
6884
3490
6026
8688
9817
5162
8204
7856
929
160
5115
9984
8866
4586
6144
2451
8947
2396
209
6647
8664
8863
9996
4276
8217
2616
9241
1771
9444
3883
9770
1030
1936
3099
6267
5630
9238
1831
1110
6080
3330
4188
3705
444
5757
5339
6865
6280
8976
4965
5161
57
2034
2073
6856
9821
6614
7733
6919
960
4422
3130
4393
4378
5051
448
1380
773
7406
6479
33
8254
6590
4858
4346
3657
9373
5971
8299
9825
2188
1933
3148
7577
9391
6109
2488
1044
416
7848
4411
5368
8470
3149
9132
9499
6234
5563
320
1521
434
4319
7274
3472
7996
7619
3129
6914
9694
542
793
5754
9868
562
2512
5313
4678
2549
8447
4121
9469
8560
5367
7714
8465
4213
6602
1852
3569
6623
203
8713
4179
7481
2178
871
1253
5090
7332
3826
2385
5597
2098
4148
6013
7425
4066
4132
5501
4884
4275
5300
1804
7082
2654
5452
3237
3161
8511
9023
6939
9258
6092
8923
8864
2247
8238
9058
304
6060
300
4947
4450
9574
7747
5355
642
2176
9080
8604
8286
9411
977
7499
1594
5871
8097
9424
5776
9130
2644
6480
7233
5237
4733
49
3506
5192
1932
7441
8961
2573
6862
7846
5072
1667
6263
2152
9770
7453
5817
7158
2317
5758
9706
8944
3913
88
1006
957
2165
4713
7703
4733
289
3422
137
7557
1489
5272
5442
2325
377
1061
9123
5554
2485
6051
274
4966
4401
3641
4274
378
5279
1213
4233
7562
225
9631
3805
9323
2471
6239
578
1770
1978
9328
1196
488
2370
5169
6434
8017
4983
2161
3973
7882
6414
3838
672
10
9844
2003
1941
4444
9587
8832
2202
1043
6726
286
7025
2033
1083
7153
2500
5253
209
4392
3284
4037
7214
9810
5567
1731
1083
4868
6796
1040
7564
9442
7882
3327
1028
9382
5895
8988
8508
6857
2867
9651
2835
5957
182
2743
7168
7555
926
5961
4262
5724
735
8179
8428
8914
2220
7634
7531
1297
3318
9910
4260
1101
5920
9079
5134
9604
5233
955
7821
1910
6960
932
4902
2980
6516
2588
5652
7602
2861
485
7787
2887
5557
7989
5780
1649
4943
3142
2449
8359
9394
1856
7900
413
5963
6063
3540
7297
1116
2583
888
2597
1268
3812
631
4670
7603
6601
5493
6367
3159
1017
8445
7787
9457
8761
3807
411
6125
7919
6404
1306
1084
6185
4404
1477
299
8793
9813
1857
2349
8069
6189
5895
2537
4943
4217
9761
5028
5158
8803
8548
5565
4885
4919
3765
6689
409
8486
1203
1964
2035
8001
4914
1248
9297
5944
673
1143
5724
6461
1185
8224
4782
9041
8202
7358
9797
1643
1608
3189
9335
1728
8217
4637
6370
3315
7106
7464
1581
6204
8011
9612
2299
443
7564
5441
8541
434
3863
3394
6144
5700
3049
6714
1271
3097
6881
3128
7937
8721
6895
9887
2764
1758
9956
5012
2252
8442
9837
6074
79
5772
3895
3802
3158
1989
7708
3888
9470
1269
1383
7409
1919
2778
8046
8287
1269
2637
8303
9028
505
6996
667
8571
7534
1504
8341
778
5008
5930
6577
541
8290
1924
2544
3290
7963
1478
5086
5962
1115
4026
2348
25
1493
9703
2745
624
660
4543
3721
1599
2657
4331
5994
4292
2923
8643
5296
2739
3190
8633
6676
32
3253
4969
5616
9237
9063
7884
9851
9712
6409
4439
4404
8028
6963
3568
8543
257
6037
6071
1194
3728
250
5296
1365
486
8149
7095
8911
7162
8033
282
9090
6152
222
1387
8550
1516
6179
2112
8147
6551
4222
2336
6331
6205
387
3809
7606
6366
6442
3804
898
5819
8791
9745
2844
5215
8281
5906
2055
7
8657
8232
295
1463
9111
9072
2546
6492
1040
5266
2056
2240
1960
1032
7898
7697
9063
4622
1210
8691
2065
1977
2526
5023
9362
4585
3340
9
4887
7664
8664
9705
8439
8496
8140
5344
3743
2627
3222
1173
3590
6677
108
814
4944
9597
9829
406
2128
3984
1422
308
9967
8271
5020
6208
4562
1391
9072
326
7053
7020
7712
6622
2142
9614
1909
9191
7612
3679
2544
7510
180
3399
4340
6434
6522
5350
6966
8785
5659
3235
558
1565
3909
1209
5392
3791
1781
4310
7265
7007
1264
795
3975
3629
2769
4635
4630
954
2827
6008
8503
2932
491
144
9974
9884
8633
7624
7393
1940
1231
332
9144
532
4743
1543
8723
875
2639
3815
3520
2912
9617
8978
1405
8180
1584
129
7339
4520
6695
1114
1060
3080
3616
5910
1245
1943
6287
2104
8278
8733
4855
3587
1836
4380
7904
384
9218
5435
9054
3095
6861
2416
3335
4980
118
2116
1327
6541
8465
1830
752
5886
2474
4621
7784
211
1958
6819
3285
9196
1411
7450
7719
4015
7065
2514
8612
7873
1079
1160
7057
2002
911
7950
8246
2557
5880
5929
3283
3512
913
9006
674
889
8053
4141
4716
8269
783
6795
6253
1276
2737
1221
211
5810
7008
8352
3111
4811
6093
5131
3034
2696
7364
4247
3807
7758
7156
215
2516
9847
8305
4391
9264
5568
7269
2256
6412
6395
1138
440
9365
7547
9650
5584
9211
6929
4567
9420
8103
5504
8730
8853
247
4510
3941
2064
6030
8689
3868
5536
4816
641
5664
4948
2051
53
5583
6533
4378
4328
3460
8495
6772
9831
1813
105
2288
8226
2578
3102
6805
908
3222
2114
881
7029
3140
1737
6781
6709
1790
1498
4850
6249
2858
6911
4890
442
421
858
2579
3265
7073
2332
2254
5556
224
5834
2028
582
6634
9075
6742
2602
6311
5545
5007
3058
3888
1379
5371
9157
977
1423
4905
7686
2608
2614
3570
3770
5079
2562
8120
3135
641
9931
9244
5488
1187
4687
9183
851
1528
6596
5923
5026
5931
2601
845
3242
6665
8488
5046
715
1075
9263
7320
1408
839
2688
6818
1406
4807
6682
1510
978
1636
2531
2893
5785
6221
8540
7202
9528
3892
422
3288
4421
7991
601
83
8
3960
4011
9367
4967
4827
8687
8012
4459
822
988
5399
4780
2366
7837
2849
9072
1388
5777
2515
3856
4967
6989
6529
6722
9841
9022
1502
644
7333
7791
9506
2294
2406
3035
8673
4587
7133
2700
7503
3952
733
6069
1555
1495
9694
2850
9357
269
8238
9647
38
9859
4337
6499
306
4229
3983
5955
5419
3524
844
5001
5643
8401
4556
352
4120
5346
5200
2001
4580
3879
8785
4415
6600
6037
147
7681
3737
5442
1715
4720
9841
8337
4657
6590
4203
3753
2878
4914
2708
7582
8807
9933
4389
2618
379
9025
3580
4367
3578
1356
9425
1583
6319
9526
1757
2211
1061
2439
2557
3637
7861
5741
7818
9459
3766
387
3947
2294
7304
2741
7910
564
2016
1672
2165
4972
5052
3947
1024
7324
4726
1793
5437
8867
1628
8885
9108
4743
2579
9933
2451
9288
2753
6802
8848
1580
626
66
7613
2253
233
8186
1523
2493
8242
427
1986
6733
1324
3306
6836
2264
6793
219
8721
1017
3124
2578
3388
8128
4098
7761
6779
1670
7969
9120
5418
9323
8512
500
9152
1187
8734
6869
2413
5173
939
6039
7270
785
4093
1439
7326
7960
8157
5266
1918
2177
1871
700
3565
7699
7711
5249
8922
9681
3428
1182
987
6520
9654
9117
5409
6531
9626
9986
4426
202
314
2484
2509
615
2988
7258
875
9092
2732
3581
11
9504
5695
2587
1348
6493
6442
1629
2155
6358
4959
6673
3078
5694
3481
2209
7780
4242
3078
4564
6310
8089
9187
8485
5866
4745
4677
5144
5037
8606
914
2613
1733
9196
2775
1655
7847
7338
5460
3671
4617
1743
7407
1225
9495
400
558
3181
8370
776
1530
3929
3428
8816
7152
4668
6500
2897
5285
932
6987
3230
108
4553
9077
606
3726
2093
6053
1052
6427
4948
4148
586
7992
1764
6573
4045
16
9290
4903
3580
3288
4836
6931
8771
4179
2902
5212
1470
7081
6377
1940
9052
2108
2169
7590
7771
8429
4536
8124
3888
1458
5895
250
1176
3035
8405
6690
1984
8246
654
7276
6978
1992
5478
7413
7368
6748
2061
9980
4335
9417
526
8650
4967
3600
5046
4534
7535
3644
2370
9800
472
2345
5704
6993
2270
9044
4089
7227
9816
9833
1794
3954
482
863
9595
3164
5157
3951
7662
9241
502
6706
6602
1002
198
4718
6453
3664
498
370
5193
2563
1819
2424
2155
8963
90
6719
1799
3816
8334
362
6927
1778
4897
8071
5566
1378
1985
6324
4
4210
7176
2675
2681
575
7992
8666
1969
4321
9808
1923
3688
8630
9860
8226
9862
9634
1035
7238
4067
2492
9246
2542
7228
2295
6552
3180
6028
1047
2030
3283
3577
5747
9756
9674
9322
1108
9398
7138
1487
8564
5081
2744
1723
3305
3930
6085
58
5040
5924
8007
1577
8279
6195
5667
366
353
9987
6846
2247
7327
3350
2169
4374
7029
533
9926
9491
4668
6551
8553
1944
886
4058
4308
3534
7264
1218
7448
617
3770
4554
831
2855
7791
3609
8930
1481
802
3243
1854
7791
8448
8995
7802
1410
1463
7190
7617
7467
4745
2371
7950
8581
2700
1992
8094
3990
9399
6881
5288
8213
9211
3058
117
7066
1587
9434
7221
2552
525
6808
341
1646
3094
208
989
1149
4847
2584
4386
3569
7642
460
566
4661
8941
9090
285
7883
442
7672
698
5326
1899
1447
3099
1168
6410
9048
671
750
317
3381
8541
1713
6866
127
7129
4113
3262
9707
4016
2751
7992
9945
1280
997
6484
8981
2032
8667
3422
9564
7366
6832
1830
8030
7538
9817
9394
494
7267
5370
4999
3263
3915
8470
2106
620
6821
3587
2832
6200
3997
6339
2072
2324
4606
3332
1939
1713
8902
3248
2093
5525
9346
2007
5451
2042
4685
7045
7324
5818
2938
7047
1909
2442
950
6004
2752
761
1657
4264
1657
3705
1316
9179
7117
8375
7074
9493
9949
702
6542
8125
1941
1121
4652
8863
824
9920
8047
7031
3939
9575
7940
5135
3945
164
2489
3756
6859
7516
1556
9590
7735
1661
7504
925
9424
9483
8686
2725
766
5623
503
150
4607
4999
3053
8785
553
9992
4456
4174
765
7706
6085
4569
2283
5266
1378
1568
1883
3414
3309
3504
5222
5437
9320
7270
4720
1989
560
16
3083
1141
3740
2340
4115
4763
7039
1719
473
8893
1609
52
3538
2234
7773
8680
8287
7386
8989
806
9520
4025
311
6477
2355
1183
6276
904
7489
849
9863
3188
6183
8646
7059
1541
5279
1186
1637
9603
9131
6721
6022
9536
1484
7171
1271
4163
727
6435
6049
8878
6380
1688
8126
6998
2199
3560
9878
8142
8941
9966
9202
4774
8782
1518
5812
137
7853
7636
8879
1997
1134
3920
1144
1982
1732
7204
9184
4723
3870
6443
4251
3350
7757
7957
399
9599
711
9427
87
3698
2368
1736
8506
627
352
2425
6424
7082
5496
6613
4285
6979
8307
3394
7478
2208
6688
9941
2231
215
5171
3906
8679
3580
8353
6816
1047
6669
4230
7887
8121
859
5649
5537
1500
9002
258
419
2501
1479
2726
6074
8127
3540
8612
2654
6189
1769
1050
2634
3375
28
8316
8910
6017
8330
7064
889
7726
2950
8443
2548
6419
8362
9769
8339
3371
3246
978
8556
5959
2777
359
3621
9957
94
3068
4179
7229
243
9447
393
5951
1154
1807
1426
9599
7560
6711
1973
6331
3871
4898
5524
9166
5097
9064
1871
1224
8506
6306
3840
7288
6733
9549
4013
7739
4178
7156
5327
6591
8365
916
5845
1180
7562
3839
2195
1773
6402
7594
730
35
5738
3008
7432
4211
9062
3092
7258
5430
1353
1987
1395
393
4520
2800
2427
298
6992
1474
255
2028
8646
1379
1430
1616
7016
978
461
7657
9214
6288
8098
3738
8213
2160
5490
5230
9912
8563
438
7649
725
300
5770
9316
1093
6419
6422
4724
9244
1987
7155
3560
3271
548
6731
5381
5306
6295
8635
9822
113
199
7574
525
1650
8762
9034
1188
1128
4899
9892
8375
3684
8587
1370
5257
8347
2057
6446
551
8438
8656
898
3857
9975
8527
1224
6444
5518
4843
531
8531
1948
152
9999
9083
2862
4423
9244
6457
3851
6092
4242
1579
6168
9440
6
7029
2631
936
9500
387
5130
9520
9197
6910
1303
6895
4109
906
1131
7026
734
418
3453
4223
3977
2996
5058
3119
4243
9555
8293
7184
7448
1046
9464
4691
667
1
9876
8427
7845
2915
6240
2294
9467
3676
1338
5048
9426
2468
6659
9924
2959
2776
332
4476
8674
1487
8020
7983
243
8145
6378
1896
2584
3651
9937
4661
793
3663
7691
5019
1351
1089
1168
8017
8431
5124
1897
1522
6774
7422
2193
2375
2432
9900
6889
827
5928
6214
7140
3690
8869
8157
6588
1074
5742
6919
2494
5493
2155
503
135
1776
2698
878
6573
455
7498
7886
8376
9243
6799
8831
8391
777
2820
1203
9288
8674
1096
1204
5092
5006
7485
5415
4064
4549
8456
7561
9333
4710
9721
1898
3315
9220
8493
520
6433
8417
1917
1417
4709
9289
1303
7328
9481
5481
1054
8304
9978
7005
2824
8566
740
819
1686
6155
8046
7539
6667
9825
1202
4016
7997
5902
791
6624
7747
5594
3358
9176
1216
7278
907
6583
2534
4009
9569
8938
2475
668
3693
5816
6415
3880
8956
3537
9085
7908
6367
8200
1838
9383
4150
5699
8937
4083
9178
4283
3267
5032
2004
1074
8429
996
6901
957
6476
7940
3833
863
6901
5576
4018
5938
1700
1880
5590
5732
7465
75
9212
5716
4344
5034
7407
2459
2116
1431
1526
1548
746
4249
8447
6445
3986
4647
9077
8797
2733
9959
2689
2387
6241
7857
1105
3397
6697
5976
285
4053
9924
1295
4534
8784
2630
6891
9381
7046
705
5915
5294
7314
2292
1387
4884
4185
3429
7503
1843
3966
2083
2162
3121
5405
7332
6594
1478
1195
3392
5566
6600
5637
2248
43
7601
3759
9947
7805
7846
7072
9182
3097
5988
2651
7356
8074
3765
9027
9011
8084
9795
8097
644
8525
6030
6387
5052
2138
5791
189
1411
356
7992
2662
2709
8482
9813
5077
4653
4553
1342
407
9883
3503
2847
133
9289
9894
5664
1659
4344
7924
2135
2911
7830
2636
88
7518
9521
3895
3666
4137
99
6339
7361
8569
2404
1298
594
9080
5995
3471
2678
8858
9553
8714
7736
720
9222
6561
2222
1034
548
9541
1888
2844
6939
2067
548
9941
6601
9811
548
4892
827
1285
2101
7412
1687
8221
723
7751
7469
6262
839
3079
7599
5646
5609
1907
8024
2056
4890
3808
5741
9157
622
3479
8795
7229
586
5728
4438
3200
6553
6330
5183
2705
740
3079
3902
7495
1956
2406
8586
7927
1262
6973
4359
4466
4845
6545
2359
4399
320
551
4951
3952
8834
6744
2294
8583
8219
7426
5467
769
6860
5822
7055
6013
5197
1989
11
6326
3165
2293
1273
847
4271
9651
4708
2141
250
7135
2733
3836
9815
9459
2790
3483
3783
6440
2275
4145
9825
2705
9216
9006
8446
9168
5578
6994
8697
3790
3298
6639
8795
6958
3735
8375
3476
6235
2082
4076
9077
4430
9570
3794
165
3898
5305
249
6678
3884
7025
679
7945
8884
7243
7878
7401
9071
6008
6785
76
7043
3851
9721
3421
3656
4204
283
5304
1364
4414
1043
918
172
6417
7749
2193
6207
1150
2087
3057
1446
9172
5939
1592
9198
3134
4558
8251
1623
2272
5404
4234
3205
1117
2513
5591
7616
1641
1112
5313
1512
2410
4701
6912
7386
8985
249
8395
7295
2443
1746
2725
2638
832
4221
1794
8370
5702
9583
8421
2553
9278
5582
2480
993
6120
9576
5343
5524
7129
5808
8492
5000
3445
9363
5717
8796
8204
5887
6971
7301
3245
8212
515
9294
7795
3811
8062
398
1876
8897
5226
4938
3337
716
4973
9591
4396
466
609
5084
1049
269
4326
2625
1815
7850
7921
4365
956
941
3480
7444
8484
8102
6960
8982
6532
9322
7713
9425
1127
6854
1722
116
243
3112
8557
8036
1770
807
2123
599
8125
4577
4981
756
2941
59
123
458
2959
3460
8102
8587
6113
4111
3748
8318
6357
4681
9851
6168
7874
752
3179
1358
7066
8785
9094
3866
8287
664
8312
3293
9528
4803
7593
7794
9587
7139
7255
5008
367
5643
8914
2407
3638
761
3086
2856
79
2207
3172
8309
584
6249
187
5338
155
9187
3189
9609
4288
174
1620
9835
7097
7161
3136
5708
2856
7923
4840
9696
8887
9460
9412
1088
2099
9820
2383
8891
6273
142
8764
172
963
8256
6198
157
2494
765
8465
5261
1594
6630
2548
4055
551
4146
9375
430
9391
6485
9515
2927
1967
9506
1726
996
1507
313
9618
2344
833
73
1521
7773
5065
1156
1789
1225
554
3861
3906
9894
5186
9697
5670
361
195
3976
2099
7681
1506
3031
9372
9095
7385
142
7982
2558
8177
9383
309
7456
2417
4878
4998
7098
4401
695
9679
1741
2155
6904
407
7991
830
5164
3221
6414
8155
474
7902
1178
1382
5561
731
7610
9275
4187
2939
5758
6138
6150
2536
6326
976
8532
4740
3244
6035
2207
1286
5219
2900
7498
7659
1718
2459
1656
8008
1846
6085
3301
1096
711
9451
9720
7771
4475
859
1364
5654
8864
7570
5314
6710
8715
7068
1318
2537
7651
1642
4491
9718
4919
5026
1356
1770
7454
2197
2069
9826
2580
8872
2360
1548
6464
3413
6999
5994
1310
341
451
4013
5721
9999
8183
1034
8268
9029
2479
13
1253
1219
7151
7905
9807
8065
9986
8920
1765
1735
4900
8708
1953
9341
6362
4561
677
2891
2986
9367
1344
3771
3188
3157
2222
3700
1698
2468
3332
6232
8341
7635
5152
7791
4528
8493
9758
4499
6582
583
9057
4675
3186
223
1561
8379
9522
2132
310
7606
7777
3869
7566
7532
7362
8964
5874
3357
3305
1929
9949
9240
3915
896
3754
6236
9950
503
9463
9623
8230
6881
4025
1225
307
7911
4094
4811
1590
6041
9696
674
8791
2692
6583
2876
3311
7632
7531
3981
7061
6096
505
1917
7146
130
8379
590
1330
1039
6942
5966
9625
3395
1660
333
5238
6075
1456
628
1026
9449
1599
1547
6960
4288
4654
2435
3387
4144
3964
3425
3695
2544
2736
2729
5539
8374
8065
2399
1403
9829
1152
3264
2010
1790
406
2234
9639
2634
6093
2798
9969
3768
9461
86
4805
297
3224
6724
9875
2186
6814
2446
7968
7919
159
9912
5161
890
3791
6184
8821
3673
7091
7410
7181
479
3034
7592
5519
7990
175
889
3022
9937
615
3942
6883
6563
5528
5526
548
2345
3760
8128
9115
2227
3298
2925
8867
9535
2899
8135
4618
7781
7326
2664
7216
2748
7524
2723
6766
7172
4935
9152
2204
1642
581
8240
7414
7855
5921
1027
6212
6333
6075
3824
2583
300
6595
3083
7943
9355
5692
9141
783
688
8623
6235
9432
591
2715
4805
8354
9733
2721
2629
4389
2843
3883
1394
1659
1222
2848
7208
2274
3756
3232
2717
4260
